0 3455
1 2081
2 1372
3 3971
4 2509
5 57
6 4320
7 3390
8 2265
9 3108
10 2772
11 4439
12 2594
13 3874
14 3812
15 271
16 762
17 2221
18 490
19 3213
20 2458
21 0
22 1706
23 1649
24 326
25 597
26 3258
27 3120
28 3539
29 3025
30 3529
31 535
32 615
33 2054
34 2571
35 1099
36 3100
37 3305
38 2688
39 2696
40 4026
41 997
42 3940
43 2970
44 3894
45 3158
46 2514
47 2429
48 573
49 1748
50 2792
51 2763
52 2128
53 1015
54 4063
55 1067
56 72
57 4095
58 2997
59 1410
60 3583
61 3259
62 1636
63 1968
64 2663
65 1753
66 2184
67 3678
68 4455
69 2528
70 3293
71 1893
72 3106
73 2803
74 91
75 2744
76 4382
77 33
78 990
79 3820
80 2453
81 1044
82 147
83 2255
84 455
85 4127
86 132
87 2086
88 1028
89 2992
90 2080
91 2823
92 266
93 4184
94 2041
95 2660
96 2416
97 4175
98 1605
99 2511
100 3702
101 1550
102 3399
103 3257
104 3089
105 4261
106 2981
107 3153
108 4474
109 2276
110 3056
111 3788
112 4096
113 1321
114 810
115 4144
116 2597
117 1035
118 4231
119 4
120 1719
121 2318
122 2550
123 2841
124 776
125 2724
126 129
127 2434
128 2420
129 3362
130 1385
131 449
132 2060
133 2682
134 1578
135 3033
136 2091
137 3271
138 112
139 3596
140 1357
141 1062
142 2305
143 1254
144 2450
145 1452
146 2540
147 2245
148 3537
149 3420
150 2171
151 3612
152 4150
153 4165
154 3222
155 4003
156 1140
157 4434
158 304
159 3017
160 928
161 4101
162 1277
163 3511
164 2698
165 1489
166 88
167 3364
168 1463
169 2447
170 1620
171 3857
172 1406
173 1470
174 2042
175 2504
176 335
177 2956
178 3715
179 22
180 7
181 2747
182 1898
183 739
184 217
185 2984
186 3323
187 1013
188 3026
189 1837
190 2121
191 3884
192 3926
193 3398
194 185
195 1896
196 2161
197 610
198 2818
199 804
200 826
201 677
202 901
203 920
204 4085
205 3093
206 4487
207 1728
208 4470
209 3382
210 584
211 1763
212 3473
213 3064
214 1810
215 1863
216 3758
217 1260
218 1483
219 642
220 2880
221 4116
222 3723
223 2180
224 4359
225 3016
226 1497
227 1017
228 868
229 3279
230 3344
231 764
232 1828
233 3045
234 671
235 337
236 3605
237 613
238 659
239 971
240 403
241 2023
242 4371
243 285
244 1194
245 197
246 461
247 1373
248 1468
249 3992
250 2670
251 127
252 15
253 4203
254 470
255 3233
256 1909
257 917
258 3688
259 184
260 1523
261 3236
262 1176
263 1984
264 985
265 3833
266 60
267 3489
268 2282
269 3419
270 4523
271 2608
272 3060
273 73
274 1520
275 4332
276 113
277 3948
278 24
279 786
280 121
281 4083
282 3912
283 4137
284 3151
285 4423
286 3206
287 4307
288 3058
289 1228
290 3359
291 4040
292 651
293 4374
294 2662
295 368
296 1221
297 4480
298 2365
299 551
300 3173
301 967
302 1548
303 2269
304 3078
305 1312
306 69
307 153
308 3129
309 4290
310 1517
311 4279
312 2134
313 1039
314 3831
315 2486
316 2290
317 1158
318 4520
319 1438
320 2968
321 347
322 4011
323 2998
324 2313
325 4549
326 419
327 13
328 4448
329 2300
330 3021
331 1375
332 3490
333 2292
334 2045
335 3226
336 2833
337 1143
338 1376
339 1559
340 3564
341 2074
342 4082
343 1532
344 1537
345 4528
346 1777
347 3019
348 2326
349 322
350 4385
351 162
352 3084
353 3285
354 3665
355 4379
356 2367
357 4156
358 3453
359 3001
360 3896
361 501
362 3836
363 3773
364 2352
365 1269
366 1179
367 566
368 3904
369 648
370 2551
371 3300
372 1940
373 3647
374 3457
375 3559
376 190
377 354
378 1727
379 4478
380 2659
381 1958
382 2764
383 3341
384 993
385 945
386 3868
387 4172
388 1308
389 1427
390 2636
391 1571
392 4236
393 1589
394 572
395 4021
396 770
397 3439
398 539
399 248
400 2941
401 2673
402 690
403 3424
404 1560
405 828
406 1700
407 763
408 3780
409 2719
410 845
411 2683
412 3500
413 4500
414 2329
415 2142
416 3958
417 2558
418 3204
419 2627
420 1867
421 2315
422 840
423 784
424 507
425 2299
426 1202
427 3274
428 3561
429 49
430 371
431 3932
432 668
433 2674
434 3636
435 3217
436 2192
437 908
438 4163
439 3804
440 351
441 4531
442 4432
443 4222
444 19
445 3870
446 3218
447 2630
448 2979
449 2553
450 2692
451 3092
452 3637
453 1059
454 487
455 1547
456 2869
457 2194
458 182
459 475
460 2129
461 2935
462 150
463 325
464 1414
465 56
466 847
467 2357
468 3676
469 2746
470 1183
471 4044
472 3449
473 3160
474 395
475 2533
476 3282
477 1247
478 2385
479 4131
480 1629
481 102
482 1104
483 3036
484 4498
485 1000
486 1235
487 4036
488 2436
489 4269
490 3843
491 2030
492 1409
493 3333
494 3148
495 2516
496 665
497 2239
498 4241
499 3184
500 879
501 2104
502 3260
503 1275
504 878
505 497
506 2235
507 1215
508 1285
509 364
510 891
511 399
512 1095
513 1149
514 2786
515 374
516 1103
517 41
518 2592
519 2757
520 1742
521 456
522 1675
523 65
524 529
525 1267
526 3308
527 381
528 2742
529 2437
530 1259
531 1065
532 561
533 1786
534 3201
535 3906
536 1596
537 29
538 1420
539 699
540 312
541 2274
542 4148
543 3930
544 2743
545 1172
546 1400
547 1730
548 2008
549 893
550 698
551 1052
552 222
553 2827
554 1963
555 1396
556 3686
557 1082
558 211
559 1248
560 1474
561 1583
562 2400
563 481
564 1315
565 732
566 3041
567 4227
568 1060
569 1765
570 3978
571 1826
572 586
573 50
574 1729
575 987
576 1330
577 780
578 1157
579 933
580 1618
581 1988
582 736
583 2406
584 3760
585 193
586 2768
587 1455
588 2016
589 38
590 991
591 941
592 789
593 1943
594 1136
595 559
596 2059
597 1923
598 2711
599 2165
600 1480
601 1849
602 32
603 1294
604 1485
605 1599
606 1499
607 1271
608 4539
609 4305
610 1939
611 1969
612 2124
613 3154
614 169
615 164
616 1274
617 375
618 1109
619 384
620 494
621 1977
622 3937
623 3802
624 1529
625 1163
626 293
627 3886
628 3901
629 2201
630 1192
631 1609
632 2036
633 3007
634 3599
635 1351
636 1576
637 543
638 3681
639 1671
640 4475
641 81
642 203
643 818
644 1815
645 2229
646 3646
647 963
648 1453
649 320
650 225
651 1766
652 1198
653 2860
654 1073
655 1996
656 2859
657 58
658 434
659 93
660 2295
661 357
662 2199
663 453
664 4256
665 3837
666 3072
667 331
668 872
669 1667
670 2119
671 947
672 1299
673 44
674 802
675 1771
676 2521
677 2392
678 576
679 1333
680 2990
681 2143
682 752
683 144
684 2484
685 585
686 234
687 140
688 1803
689 1069
690 1423
691 646
692 1273
693 1981
694 1257
695 1354
696 1932
697 3183
698 284
699 495
700 1698
701 2222
702 1707
703 340
704 1360
705 400
706 2812
707 1128
708 380
709 571
710 336
711 3691
712 1873
713 1004
714 865
715 2804
716 717
717 740
718 2240
719 3018
720 2885
721 1451
722 4022
723 55
724 117
725 838
726 1458
727 1447
728 1946
729 1245
730 562
731 929
732 1581
733 215
734 619
735 2882
736 738
737 468
738 2264
739 666
740 239
741 276
742 473
743 3199
744 2946
745 1434
746 2517
747 1040
748 1639
749 267
750 1219
751 2507
752 3863
753 563
754 2432
755 3063
756 3431
757 3850
758 4504
759 866
760 146
761 1041
762 163
763 332
764 2368
765 2001
766 604
767 1147
768 978
769 355
770 341
771 244
772 859
773 4452
774 356
775 273
776 883
777 2061
778 192
779 1050
780 1461
781 2325
782 2013
783 1319
784 889
785 2624
786 3077
787 966
788 2853
789 1331
790 286
791 3595
792 1323
793 1208
794 1433
795 2412
796 34
797 1345
798 1232
799 1597
800 1316
801 2160
802 1540
803 2945
804 1467
805 1519
806 2564
807 1966
808 2543
809 1280
810 1541
811 4139
812 711
813 358
814 3139
815 191
816 149
817 729
818 435
819 621
820 634
821 2211
822 4240
823 366
824 2332
825 1078
826 295
827 386
828 1491
829 1475
830 401
831 3908
832 1720
833 2465
834 1153
835 772
836 960
837 160
838 1411
839 3202
840 2175
841 1726
842 1868
843 1510
844 4380
845 669
846 2078
847 1170
848 4061
849 1148
850 2430
851 301
852 1773
853 2334
854 1380
855 1371
856 1882
857 1108
858 673
859 2188
860 918
861 513
862 2214
863 1042
864 3426
865 537
866 1338
867 443
868 606
869 631
870 1229
871 254
872 1602
873 4121
874 822
875 1314
876 3318
877 472
878 1033
879 3977
880 407
881 39
882 2394
883 2418
884 4519
885 2179
886 157
887 1580
888 900
889 2843
890 3115
891 783
892 385
893 624
894 2339
895 2478
896 3997
897 1161
898 3290
899 1382
900 2348
901 3088
902 1792
903 695
904 2167
905 3755
906 492
907 2548
908 2304
909 4555
910 1226
911 3099
912 3639
913 242
914 2488
915 2224
916 744
917 4076
918 2878
919 1471
920 3331
921 1518
922 581
923 4435
924 650
925 2612
926 1046
927 1164
928 111
929 1096
930 156
931 1879
932 1146
933 2668
934 2851
935 9
936 2767
937 1210
938 2213
939 3882
940 275
941 1914
942 2005
943 911
944 4525
945 2505
946 2457
947 774
948 779
949 1631
950 1178
951 3291
952 3212
953 857
954 843
955 880
956 3445
957 771
958 989
959 3608
960 1987
961 881
962 1704
963 1113
964 1169
965 2324
966 2452
967 2343
968 307
969 2607
970 607
971 898
972 67
973 2310
974 1356
975 104
976 2018
977 2644
978 2454
979 1352
980 2566
981 3358
982 850
983 534
984 408
985 2766
986 2900
987 1390
988 959
989 592
990 679
991 441
992 1613
993 693
994 59
995 119
996 2336
997 148
998 2842
999 232
1000 1916
1001 726
1002 3501
1003 3071
1004 82
1005 924
1006 1524
1007 2912
1008 1871
1009 3703
1010 1207
1011 1302
1012 2238
1013 1661
1014 1982
1015 2819
1016 2578
1017 1361
1018 268
1019 23
1020 2351
1021 3660
1022 2910
1023 2671
1024 218
1025 647
1026 3081
1027 2132
1028 2154
1029 2888
1030 4461
1031 3816
1032 4378
1033 519
1034 1141
1035 811
1036 3086
1037 2463
1038 703
1039 2093
1040 3839
1041 785
1042 2896
1043 2338
1044 3423
1045 1307
1046 1526
1047 3075
1048 2022
1049 1006
1050 1514
1051 2375
1052 2952
1053 853
1054 383
1055 1011
1056 1339
1057 2778
1058 2669
1059 1446
1060 480
1061 3826
1062 1462
1063 4016
1064 2907
1065 768
1066 394
1067 1806
1068 1056
1069 136
1070 1818
1071 361
1072 558
1073 4387
1074 1660
1075 1503
1076 68
1077 1209
1078 1384
1079 342
1080 2347
1081 333
1082 672
1083 823
1084 926
1085 2959
1086 4072
1087 444
1088 1737
1089 983
1090 1843
1091 2848
1092 910
1093 930
1094 4164
1095 1603
1096 2797
1097 348
1098 3227
1099 2358
1100 1025
1101 3205
1102 2755
1103 243
1104 2364
1105 1300
1106 1212
1107 2227
1108 120
1109 817
1110 2182
1111 709
1112 547
1113 1624
1114 625
1115 685
1116 85
1117 1989
1118 921
1119 536
1120 2877
1121 528
1122 2136
1123 2003
1124 627
1125 1562
1126 1724
1127 2099
1128 2723
1129 1926
1130 2497
1131 730
1132 998
1133 1090
1134 2185
1135 3168
1136 204
1137 867
1138 1780
1139 1677
1140 819
1141 2366
1142 1234
1143 299
1144 4031
1145 754
1146 3919
1147 1482
1148 365
1149 2506
1150 1401
1151 2369
1152 1188
1153 949
1154 719
1155 376
1156 1586
1157 965
1158 1261
1159 1549
1160 1388
1161 2037
1162 346
1163 2604
1164 4232
1165 1615
1166 2288
1167 2694
1168 1787
1169 2919
1170 373
1171 988
1172 4345
1173 1239
1174 1530
1175 3405
1176 1392
1177 452
1178 2039
1179 1366
1180 590
1181 1246
1182 4183
1183 686
1184 1579
1185 825
1186 1751
1187 3693
1188 1182
1189 618
1190 812
1191 1313
1192 3769
1193 2957
1194 2371
1195 2691
1196 3342
1197 500
1198 4347
1199 2741
1200 2840
1201 1525
1202 1619
1203 1027
1204 474
1205 657
1206 1405
1207 2868
1208 1098
1209 405
1210 2931
1211 1449
1212 1623
1213 2162
1214 413
1215 761
1216 3194
1217 2085
1218 1424
1219 925
1220 1180
1221 3986
1222 2277
1223 913
1224 4211
1225 2681
1226 1200
1227 294
1228 1075
1229 398
1230 4544
1231 1637
1232 459
1233 1577
1234 1650
1235 556
1236 315
1237 2626
1238 2296
1239 209
1240 3959
1241 1287
1242 2226
1243 318
1244 1492
1245 2661
1246 1884
1247 2270
1248 4033
1249 3353
1250 3475
1251 1685
1252 1758
1253 637
1254 3471
1255 1362
1256 1402
1257 1317
1258 35
1259 842
1260 1341
1261 37
1262 483
1263 391
1264 1394
1265 755
1266 1061
1267 464
1268 432
1269 1115
1270 1435
1271 1087
1272 799
1273 1187
1274 2689
1275 2973
1276 2101
1277 1116
1278 3039
1279 962
1280 2954
1281 2353
1282 1127
1283 1216
1284 1965
1285 317
1286 2972
1287 1364
1288 2374
1289 922
1290 1252
1291 1142
1292 194
1293 4546
1294 2183
1295 514
1296 177
1297 1151
1298 118
1299 4366
1300 2411
1301 2431
1302 1757
1303 885
1304 1733
1305 28
1306 269
1307 61
1308 1628
1309 540
1310 4441
1311 1241
1312 1544
1313 1223
1314 692
1315 1569
1316 4041
1317 517
1318 1689
1319 2157
1320 410
1321 3013
1322 3000
1323 4468
1324 2501
1325 214
1326 1298
1327 1156
1328 1032
1329 130
1330 1064
1331 3587
1332 2342
1333 1089
1334 2725
1335 1502
1336 1022
1337 1670
1338 1165
1339 3189
1340 1630
1341 471
1342 824
1343 1266
1344 931
1345 1705
1346 533
1347 2337
1348 667
1349 2408
1350 1790
1351 1488
1352 874
1353 1902
1354 1551
1355 1600
1356 353
1357 1244
1358 906
1359 25
1360 1680
1361 808
1362 1718
1363 944
1364 2710
1365 1493
1366 635
1367 758
1368 2131
1369 1593
1370 2236
1371 800
1372 2810
1373 92
1374 951
1375 2479
1376 114
1377 2752
1378 511
1379 508
1380 3554
1381 1086
1382 952
1383 602
1384 338
1385 1066
1386 302
1387 1686
1388 1862
1389 2487
1390 1622
1391 2474
1392 2881
1393 1191
1394 548
1395 3124
1396 996
1397 2546
1398 2163
1399 1395
1400 697
1401 2618
1402 3294
1403 946
1404 3190
1405 26
1406 1697
1407 1638
1408 643
1409 2460
1410 3695
1411 3970
1412 4464
1413 2936
1414 1841
1415 986
1416 2779
1417 2583
1418 3
1419 31
1420 1852
1421 430
1422 2872
1423 1051
1424 3192
1425 253
1426 1501
1427 76
1428 1145
1429 2208
1430 2988
1431 2621
1432 2320
1433 3251
1434 2275
1435 2471
1436 2704
1437 1740
1438 115
1439 2223
1440 469
1441 2788
1442 689
1443 691
1444 3166
1445 2197
1446 143
1447 4058
1448 696
1449 489
1450 208
1451 1340
1452 834
1453 2481
1454 3629
1455 2482
1456 1349
1457 458
1458 485
1459 201
1460 1430
1461 852
1462 1348
1463 126
1464 2864
1465 426
1466 1741
1467 1199
1468 1413
1469 45
1470 724
1471 1802
1472 2771
1473 546
1474 4145
1475 256
1476 2924
1477 3090
1478 1236
1479 807
1480 1355
1481 522
1482 2547
1483 1521
1484 2858
1485 3847
1486 8
1487 527
1488 882
1489 3069
1490 4191
1491 858
1492 688
1493 2774
1494 1168
1495 593
1496 1053
1497 2314
1498 1404
1499 3311
1500 2428
1501 2494
1502 3109
1503 751
1504 1283
1505 656
1506 98
1507 417
1508 3591
1509 3385
1510 2532
1511 2831
1512 238
1513 2541
1514 1093
1515 605
1516 1626
1517 1554
1518 1625
1519 505
1520 1876
1521 3413
1522 3249
1523 934
1524 372
1525 145
1526 1137
1527 710
1528 83
1529 272
1530 1588
1531 1088
1532 1856
1533 3949
1534 3170
1535 1418
1536 2356
1537 2272
1538 3224
1539 2969
1540 725
1541 670
1542 638
1543 219
1544 2297
1545 240
1546 181
1547 2883
1548 220
1549 578
1550 2433
1551 970
1552 2901
1553 429
1554 2962
1555 298
1556 1278
1557 110
1558 887
1559 345
1560 705
1561 1952
1562 1681
1563 1123
1564 1282
1565 3570
1566 52
1567 1422
1568 2399
1569 860
1570 746
1571 314
1572 2510
1573 42
1574 3011
1575 2359
1576 379
1577 3244
1578 2409
1579 630
1580 733
1581 3044
1582 694
1583 4286
1584 4105
1585 2361
1586 1327
1587 3950
1588 2557
1589 1592
1590 1874
1591 3955
1592 1976
1593 2360
1594 663
1595 3991
1596 382
1597 289
1598 1611
1599 1607
1600 2675
1601 1206
1602 277
1603 1381
1604 4201
1605 549
1606 4188
1607 1024
1608 87
1609 884
1610 1779
1611 4490
1612 1171
1613 1342
1614 1070
1615 305
1616 1311
1617 1829
1618 1662
1619 1778
1620 1819
1621 3220
1622 2939
1623 1272
1624 20
1625 3590
1626 518
1627 2383
1628 2828
1629 1504
1630 849
1631 1403
1632 313
1633 938
1634 2929
1635 1531
1636 207
1637 226
1638 1845
1639 1870
1640 1674
1641 1019
1642 3512
1643 1573
1644 2806
1645 3098
1646 178
1647 2002
1648 3297
1649 3889
1650 3156
1651 1509
1652 1386
1653 186
1654 2317
1655 3774
1656 1038
1657 2362
1658 1883
1659 814
1660 3653
1661 3481
1662 1184
1663 714
1664 1295
1665 3577
1666 2440
1667 1695
1668 3505
1669 1118
1670 250
1671 1084
1672 957
1673 3528
1674 995
1675 245
1676 3664
1677 2138
1678 310
1679 715
1680 1162
1681 598
1682 327
1683 1225
1684 1197
1685 2740
1686 545
1687 421
1688 775
1689 1747
1690 1289
1691 575
1692 570
1693 4004
1694 2248
1695 1456
1696 1026
1697 961
1698 1979
1699 1214
1700 583
1701 3150
1702 1445
1703 1919
1704 1496
1705 1985
1706 10
1707 2930
1708 260
1709 433
1710 3110
1711 3023
1712 1421
1713 229
1714 3960
1715 3298
1716 2879
1717 1138
1718 3163
1719 3506
1720 477
1721 644
1722 106
1723 2620
1724 1653
1725 1903
1726 1045
1727 734
1728 1885
1729 3938
1730 1535
1731 976
1732 3798
1733 2389
1734 90
1735 3817
1736 3182
1737 3567
1738 3422
1739 1204
1740 622
1741 2499
1742 1967
1743 1324
1744 1121
1745 3530
1746 1692
1747 3786
1748 3853
1749 1014
1750 1018
1751 3289
1752 3332
1753 1346
1754 1155
1755 544
1756 1511
1757 909
1758 658
1759 4415
1760 2500
1761 538
1762 1788
1763 629
1764 3114
1765 1536
1766 172
1767 233
1768 2490
1769 1009
1770 1900
1771 2993
1772 1498
1773 2822
1774 809
1775 94
1776 161
1777 170
1778 2181
1779 2795
1780 2327
1781 2855
1782 2760
1783 1912
1784 2144
1785 3053
1786 369
1787 4334
1788 1189
1789 773
1790 288
1791 1833
1792 1947
1793 1139
1794 914
1795 2570
1796 237
1797 393
1798 1186
1799 632
1800 795
1801 1431
1802 2015
1803 1437
1804 1399
1805 977
1806 3571
1807 626
1808 1669
1809 3733
1810 846
1811 4250
1812 3523
1813 980
1814 1566
1815 3821
1816 1436
1817 1570
1818 3968
1819 297
1820 1807
1821 1789
1822 1442
1823 1473
1824 1071
1825 2685
1826 2220
1827 4169
1828 1211
1829 1512
1830 3327
1831 11
1832 757
1833 1659
1834 2722
1835 3389
1836 175
1837 2007
1838 964
1839 2835
1840 2634
1841 4482
1842 2824
1843 1725
1844 1174
1845 484
1846 4017
1847 4176
1848 3533
1849 2379
1850 2456
1851 3312
1852 1343
1853 1539
1854 1608
1855 4427
1856 2047
1857 1425
1858 4005
1859 3113
1860 2715
1861 3369
1862 3350
1863 189
1864 1959
1865 1668
1866 1572
1867 1264
1868 2034
1869 4006
1870 1555
1871 616
1872 1129
1873 2949
1874 1306
1875 2854
1876 1119
1877 1193
1878 1915
1879 950
1880 3324
1881 1322
1882 2983
1883 387
1884 3351
1885 2693
1886 745
1887 1353
1888 124
1889 154
1890 3171
1891 2413
1892 1633
1893 274
1894 2714
1895 3700
1896 2401
1897 1594
1898 2650
1899 3736
1900 700
1901 3338
1902 968
1903 1557
1904 2876
1905 3433
1906 329
1907 2066
1908 3339
1909 1292
1910 2651
1911 1933
1912 1450
1913 1092
1914 166
1915 3268
1916 3461
1917 892
1918 1632
1919 4341
1920 3265
1921 227
1922 3867
1923 1487
1924 1717
1925 4013
1926 3065
1927 851
1928 1412
1929 676
1930 916
1931 2582
1932 1696
1933 1888
1934 902
1935 1527
1936 2865
1937 1034
1938 806
1939 523
1940 2776
1941 2911
1942 1281
1943 1934
1944 3397
1945 236
1946 2961
1947 1185
1948 3428
1949 1441
1950 875
1951 255
1952 2105
1953 402
1954 3483
1955 1181
1956 174
1957 431
1958 1077
1959 3278
1960 877
1961 1906
1962 1023
1963 2895
1964 870
1965 4383
1966 955
1967 4056
1968 4206
1969 2891
1970 1558
1971 439
1972 1694
1973 943
1974 1175
1975 1296
1976 2053
1977 3079
1978 682
1979 2126
1980 1612
1981 3897
1982 152
1983 1574
1984 1391
1985 3616
1986 1956
1987 2273
1988 187
1989 3731
1990 2308
1991 1205
1992 1224
1993 198
1994 1505
1995 2090
1996 2890
1997 1217
1998 1076
1999 4106
2000 3569
2001 451
2002 3903
2003 1021
2004 2210
2005 2552
2006 1440
2007 708
2008 180
2009 3697
2010 3049
2011 550
2012 1673
2013 3517
2014 283
2015 3610
2016 633
2017 841
2018 3142
2019 3094
2020 3228
2021 3497
2022 3200
2023 4166
2024 1991
2025 3138
2026 411
2027 3657
2028 2114
2029 1831
2030 3159
2031 4339
2032 3198
2033 1892
2034 3144
2035 3372
2036 862
2037 3435
2038 2051
2039 2423
2040 2259
2041 2174
2042 2153
2043 3749
2044 438
2045 1656
2046 2014
2047 2079
2048 1117
2049 4486
2050 1785
2051 735
2052 2635
2053 3418
2054 1830
2055 2996
2056 3967
2057 4370
2058 1100
2059 2072
2060 3623
2061 1901
2062 3568
2063 3921
2064 1454
2065 1152
2066 1047
2067 1097
2068 2249
2069 1159
2070 3012
2071 2677
2072 3716
2073 199
2074 1370
2075 3650
2076 4118
2077 1945
2078 2894
2079 1714
2080 3230
2081 2073
2082 2815
2083 3458
2084 3984
2085 1029
2086 2932
2087 2405
2088 728
2089 3146
2090 4342
2091 2043
2092 2580
2093 888
2094 1284
2095 4119
2096 1935
2097 2545
2098 3286
2099 3707
2100 2534
2101 579
2102 1913
2103 2825
2104 1374
2105 1944
2106 3790
2107 3360
2108 753
2109 3136
2110 3245
2111 2658
2112 3261
2113 1962
2114 1992
2115 4296
2116 2095
2117 6
2118 2263
2119 2573
2120 3670
2121 1515
2122 3469
2123 3051
2124 2629
2125 1995
2126 4484
2127 2291
2128 2790
2129 3134
2130 4276
2131 3832
2132 3873
2133 4422
2134 1369
2135 4079
2136 3902
2137 2386
2138 3840
2139 4259
2140 79
2141 3876
2142 2346
2143 2965
2144 2354
2145 2403
2146 2155
2147 2196
2148 2103
2149 3267
2150 1154
2151 1494
2152 4024
2153 3460
2154 1971
2155 3361
2156 71
2157 3401
2158 3187
2159 4228
2160 2316
2161 3915
2162 2513
2163 1048
2164 3381
2165 4344
2166 1506
2167 3498
2168 4369
2169 27
2170 4562
2171 4287
2172 3626
2173 2267
2174 1220
2175 3264
2176 54
2177 3231
2178 3307
2179 1477
2180 2555
2181 263
2182 3598
2183 1702
2184 569
2185 3119
2186 2889
2187 252
2188 2289
2189 3128
2190 2033
2191 362
2192 1255
2193 4141
2194 2702
2195 2575
2196 3772
2197 994
2198 3493
2199 3661
2200 3893
2201 2940
2202 3464
2203 2978
2204 3557
2205 3549
2206 3872
2207 3675
2208 2395
2209 3208
2210 1545
2211 1367
2212 205
2213 2529
2214 1464
2215 1598
2216 2084
2217 3586
2218 1120
2219 188
2220 675
2221 3787
2222 3508
2223 2363
2224 4294
2225 1408
2226 4068
2227 3536
2228 1332
2229 3126
2230 1616
2231 3306
2232 2639
2233 4069
2234 3454
2235 264
2236 2753
2237 1230
2238 1387
2239 2135
2240 3310
2241 3378
2242 1584
2243 954
2244 2676
2245 4071
2246 3690
2247 3388
2248 1880
2249 2784
2250 3543
2251 3724
2252 1886
2253 3983
2254 1083
2255 2443
2256 2116
2257 3672
2258 1732
2259 1715
2260 2717
2261 4284
2262 4080
2263 3547
2264 3178
2265 2606
2266 4511
2267 4226
2268 2071
2269 1851
2270 1756
2271 1564
2272 4097
2273 4010
2274 2637
2275 4273
2276 1804
2277 1800
2278 1507
2279 1691
2280 2913
2281 2009
2282 3376
2283 2098
2284 3476
2285 2062
2286 3891
2287 311
2288 2017
2289 2387
2290 1734
2291 2404
2292 3386
2293 1918
2294 1738
2295 3614
2296 4074
2297 4280
2298 707
2299 2216
2300 2672
2301 1508
2302 4042
2303 463
2304 1687
2305 466
2306 664
2307 3404
2308 3734
2309 3776
2310 3509
2311 3254
2312 2706
2313 3241
2314 4281
2315 2118
2316 3651
2317 4173
2318 3432
2319 3656
2320 3556
2321 3162
2322 4306
2323 1709
2324 3172
2325 1897
2326 3544
2327 3573
2328 3701
2329 640
2330 319
2331 2049
2332 3888
2333 1813
2334 3191
2335 3255
2336 3917
2337 1795
2338 1951
2339 1565
2340 3558
2341 3954
2342 3407
2343 2230
2344 428
2345 2435
2346 684
2347 2721
2348 2777
2349 1703
2350 3303
2351 2077
2352 3325
2353 4318
2354 2754
2355 1921
2356 3250
2357 4407
2358 2875
2359 2393
2360 2794
2361 96
2362 3999
2363 3374
2364 2205
2365 4534
2366 972
2367 3337
2368 3143
2369 1936
2370 3340
2371 1998
2372 2169
2373 1750
2374 982
2375 1716
2376 2491
2377 4078
2378 3125
2379 3545
2380 2964
2381 2414
2382 2065
2383 871
2384 2333
2385 2523
2386 836
2387 2508
2388 3751
2389 330
2390 4208
2391 2783
2392 2133
2393 2586
2394 2709
2395 1055
2396 1920
2397 2212
2398 316
2399 3777
2400 2731
2401 3434
2402 2749
2403 3835
2404 200
2405 4254
2406 2775
2407 3112
2408 2934
2409 1079
2410 2218
2411 2156
2412 4440
2413 3438
2414 155
2415 4442
2416 2147
2417 3685
2418 4515
2419 3779
2420 2350
2421 396
2422 2123
2423 4285
2424 4088
2425 3221
2426 1644
2427 2189
2428 1801
2429 1591
2430 4152
2431 2476
2432 2568
2433 3698
2434 2654
2435 2791
2436 506
2437 3252
2438 2309
2439 1960
2440 3732
2441 48
2442 2391
2443 3496
2444 681
2445 3666
2446 4186
2447 3263
2448 3006
2449 3302
2450 2164
2451 3923
2452 3444
2453 2732
2454 1347
2455 2915
2456 2801
2457 1911
2458 2372
2459 4462
2460 3842
2461 3335
2462 4104
2463 4053
2464 2520
2465 3321
2466 4351
2467 2667
2468 2886
2469 3347
2470 2426
2471 1130
2472 2322
2473 3922
2474 3696
2475 2745
2476 3829
2477 2856
2478 3513
2479 4557
2480 2168
2481 3762
2482 2117
2483 3116
2484 2832
2485 3377
2486 3524
2487 2459
2488 1745
2489 158
2490 4171
2491 3329
2492 2769
2493 3527
2494 1999
2495 2920
2496 4223
2497 1020
2498 3756
2499 3855
2500 1415
2501 2542
2502 2106
2503 2148
2504 4333
2505 3985
2506 2736
2507 4483
2508 1850
2509 46
2510 2807
2511 4336
2512 3145
2513 4292
2514 151
2515 4245
2516 4025
2517 2572
2518 3618
2519 3048
2520 70
2521 4510
2522 2870
2523 1231
2524 2237
2525 2441
2526 324
2527 3046
2528 3555
2529 1688
2530 2410
2531 3580
2532 3319
2533 1930
2534 2554
2535 1132
2536 876
2537 4239
2538 521
2539 2805
2540 2477
2541 3931
2542 2813
2543 1305
2544 2209
2545 3042
2546 1377
2547 2055
2548 2302
2549 202
2550 1983
2551 1068
2552 3845
2553 2708
2554 2293
2555 1534
2556 2253
2557 2980
2558 3602
2559 4328
2560 4533
2561 2737
2562 3157
2563 3717
2564 3644
2565 1303
2566 3141
2567 895
2568 1955
2569 3801
2570 2569
2571 2536
2572 3052
2573 2469
2574 3174
2575 3356
2576 4086
2577 62
2578 3668
2579 359
2580 3010
2581 904
2582 801
2583 210
2584 2260
2585 2112
2586 3581
2587 2225
2588 2285
2589 328
2590 2765
2591 2464
2592 2251
2593 2444
2594 3757
2595 3393
2596 1754
2597 2955
2598 1866
2599 2793
2600 1809
2601 1426
2602 645
2603 195
2604 3067
2605 3740
2606 1679
2607 4126
2608 2808
2609 3792
2610 1561
2611 3609
2612 350
2613 4225
2614 2816
2615 3097
2616 3962
2617 3121
2618 1821
2619 1924
2620 2335
2621 2083
2622 2596
2623 1889
2624 3373
2625 3299
2626 2657
2627 2151
2628 3320
2629 2603
2630 4167
2631 4431
2632 3862
2633 1975
2634 3631
2635 3082
2636 3032
2637 3989
2638 2283
2639 2470
2640 4093
2641 3844
2642 4268
2643 4350
2644 3834
2645 4089
2646 2439
2647 3127
2648 4249
2649 2539
2650 3256
2651 2656
2652 3348
2653 4451
2654 2462
2655 4138
2656 3068
2657 2056
2658 3713
2659 1522
2660 2602
2661 3277
2662 3781
2663 2726
2664 3197
2665 3288
2666 596
2667 4182
2668 3315
2669 3824
2670 2472
2671 4114
2672 3247
2673 4512
2674 4037
2675 2468
2676 4073
2677 4491
2678 1949
2679 2739
2680 2690
2681 973
2682 4187
2683 1842
2684 2687
2685 249
2686 1057
2687 1397
2688 4019
2689 2480
2690 2789
2691 3619
2692 1419
2693 1941
2694 2947
2695 2176
2696 4255
2697 4397
2698 2697
2699 1875
2700 3729
2701 4260
2702 2217
2703 3402
2704 2427
2705 1865
2706 2206
2707 1641
2708 2215
2709 2493
2710 4194
2711 3694
2712 3091
2713 3411
2714 2502
2715 3484
2716 4340
2717 4430
2718 3572
2719 4048
2720 2695
2721 4355
2722 792
2723 2011
2724 4411
2725 2271
2726 306
2727 4220
2728 3169
2729 3336
2730 3721
2731 1479
2732 4507
2733 179
2734 3963
2735 3375
2736 3326
2737 2643
2738 2256
2739 2814
2740 3412
2741 3296
2742 3427
2743 3550
2744 3391
2745 3770
2746 1627
2747 4375
2748 2503
2749 86
2750 3387
2751 747
2752 2204
2753 4200
2754 3775
2755 2027
2756 2252
2757 141
2758 4426
2759 2809
2760 1891
2761 855
2762 176
2763 2525
2764 1854
2765 4196
2766 2733
2767 3627
2768 4463
2769 2796
2770 3450
2771 2254
2772 2109
2773 2556
2774 2280
2775 4416
2776 1334
2777 4543
2778 4518
2779 1546
2780 4066
2781 510
2782 2625
2783 2370
2784 3803
2785 2893
2786 1036
2787 3242
2788 1481
2789 821
2790 3246
2791 837
2792 2713
2793 1144
2794 1114
2795 4235
2796 457
2797 4522
2798 3276
2799 603
2800 2306
2801 2512
2802 3738
2803 4014
2804 3588
2805 833
2806 2303
2807 3800
2808 2609
2809 1931
2810 1735
2811 3622
2812 1994
2813 3349
2814 1699
2815 2874
2816 2735
2817 2908
2818 2407
2819 3040
2820 3352
2821 1762
2822 3396
2823 3918
2824 1645
2825 2538
2826 1964
2827 3673
2828 2298
2829 3969
2830 3592
2831 2380
2832 3309
2833 1417
2834 3910
2835 1648
2836 3421
2837 2044
2838 1110
2839 2294
2840 3726
2841 3022
2842 2565
2843 4136
2844 4274
2845 4325
2846 894
2847 1797
2848 3621
2849 1590
2850 4009
2851 2974
2852 287
2853 4553
2854 2593
2855 1676
2856 3175
2857 2871
2858 3510
2859 2666
2860 3789
2861 3858
2862 2645
2863 4219
2864 1486
2865 2927
2866 2829
2867 4304
2868 4050
2869 3328
2870 2942
2871 3975
2872 4389
2873 2960
2874 2415
2875 2748
2876 2561
2877 4354
2878 4390
2879 1927
2880 4363
2881 418
2882 2852
2883 3531
2884 956
2885 3606
2886 2052
2887 3704
2888 3073
2889 856
2890 3815
2891 4043
2892 4204
2893 2989
2894 2250
2895 2951
2896 3735
2897 296
2898 2921
2899 2451
2900 4535
2901 1953
2902 2262
2903 4357
2904 1344
2905 3002
2906 3495
2907 4277
2908 2312
2909 718
2910 4047
2911 3705
2912 1465
2913 790
2914 4291
2915 3502
2916 2933
2917 2686
2918 3253
2919 2703
2920 2531
2921 832
2922 2035
2923 2926
2924 2892
2925 2563
2926 3856
2927 3761
2928 2278
2929 4362
2930 2821
2931 3214
2932 3727
2933 2544
2934 2914
2935 1150
2936 3024
2937 4381
2938 3104
2939 3096
2940 3095
2941 1844
2942 4348
2943 1238
2944 3742
2945 3911
2946 577
2947 2284
2948 829
2949 3942
2950 2728
2951 3851
2952 4502
2953 3480
2954 1160
2955 392
2956 1227
2957 3778
2958 4406
2959 2718
2960 2537
2961 2158
2962 4312
2963 2057
2964 2638
2965 2615
2966 3709
2967 2759
2968 3085
2969 2000
2970 1993
2971 281
2972 2787
2973 406
2974 4147
2975 2228
2976 3929
2977 2595
2978 2817
2979 3620
2980 2307
2981 2730
2982 4084
2983 4234
2984 3887
2985 2492
2986 2050
2987 2971
2988 3009
2989 3753
2990 1439
2991 4143
2992 2377
2993 1654
2994 3152
2995 3030
2996 4115
2997 4065
2998 4521
2999 4124
3000 4271
3001 1925
3002 4278
3003 2738
3004 3167
3005 3744
3006 4530
3007 2219
3008 1268
3009 4060
3010 4293
3011 343
3012 4263
3013 390
3014 3207
3015 3406
3016 599
3017 486
3018 2640
3019 4471
3020 2632
3021 2922
3022 3745
3023 2751
3024 3486
3025 3441
3026 3477
3027 4054
3028 3465
3029 2425
3030 3394
3031 3028
3032 2826
3033 2652
3034 4358
3035 3225
3036 4159
3037 3155
3038 2331
3039 4403
3040 3507
3041 3579
3042 4160
3043 4421
3044 2446
3045 2781
3046 2535
3047 4556
3048 3196
3049 3415
3050 2024
3051 183
3052 2798
3053 4283
3054 2149
3055 854
3056 1950
3057 3083
3058 3087
3059 2905
3060 4454
3061 3383
3062 1957
3063 3578
3064 2770
3065 3239
3066 4109
3067 3662
3068 1102
3069 3979
3070 2976
3071 3525
3072 1008
3073 2518
3074 3877
3075 3811
3076 3771
3077 3284
3078 3965
3079 3515
3080 1091
3081 516
3082 3314
3083 1326
3084 3814
3085 1808
3086 2233
3087 4356
3088 3416
3089 4246
3090 3478
3091 2963
3092 3047
3093 3074
3094 2172
3095 308
3096 3243
3097 3317
3098 4135
3099 2567
3100 2417
3101 3516
3102 1655
3103 4404
3104 2917
3105 3102
3106 896
3107 2898
3108 2257
3109 4064
3110 781
3111 2611
3112 2373
3113 2830
3114 3185
3115 4343
3116 4444
3117 2286
3118 1469
3119 4258
3120 4365
3121 3767
3122 3180
3123 4395
3124 3584
3125 3635
3126 139
3127 3594
3128 4237
3129 3607
3130 1986
3131 2266
3132 3521
3133 3499
3134 813
3135 3783
3136 3470
3137 1101
3138 3593
3139 3188
3140 3283
3141 4460
3142 3526
3143 3791
3144 3795
3145 2782
3146 2958
3147 3632
3148 1585
3149 2397
3150 3680
3151 3825
3152 3722
3153 4373
3154 3532
3155 4408
3156 4417
3157 787
3158 3451
3159 3898
3160 2707
3161 47
3162 3993
3163 4376
3164 3366
3165 554
3166 1907
3167 2048
3168 2187
3169 2349
3170 125
3171 138
3172 4505
3173 2261
3174 4120
3175 2867
3176 4399
3177 4418
3178 3988
3179 2906
3180 105
3181 2982
3182 1816
3183 3135
3184 3313
3185 1980
3186 1286
3187 3518
3188 2419
3189 30
3190 2647
3191 3149
3192 582
3193 3287
3194 4288
3195 2524
3196 1708
3197 4429
3198 2986
3199 4023
3200 3237
3201 2641
3202 3203
3203 3492
3204 4217
3205 2619
3206 4489
3207 3262
3208 1256
3209 2599
3210 3462
3211 4087
3212 1710
3213 3272
3214 848
3215 3355
3216 4103
3217 3909
3218 3747
3219 300
3220 84
3221 3819
3222 1429
3223 3615
3224 1887
3225 4012
3226 1832
3227 4062
3228 2069
3229 3466
3230 80
3231 2700
3232 3562
3233 4270
3234 3936
3235 78
3236 4091
3237 1378
3238 2025
3239 2849
3240 4244
3241 4413
3242 3014
3243 1043
3244 3519
3245 3624
3246 4540
3247 4537
3248 1604
3249 4326
3250 1490
3251 701
3252 4168
3253 1288
3254 1948
3255 4458
3256 3038
3257 4215
3258 3210
3259 3822
3260 4473
3261 4506
3262 2467
3263 3181
3264 2631
3265 1834
3266 2096
3267 4134
3268 4198
3269 4548
3270 1783
3271 3541
3272 2987
3273 4313
3274 1568
3275 4338
3276 4112
3277 4212
3278 4436
3279 2231
3280 903
3281 4202
3282 2665
3283 1528
3284 212
3285 3754
3286 4476
3287 1081
3288 4153
3289 4349
3290 3004
3291 2701
3292 4384
3293 4218
3294 4538
3295 4414
3296 3879
3297 3131
3298 4221
3299 4282
3300 3503
3301 3266
3302 4477
3303 2862
3304 4377
3305 2633
3306 3565
3307 3447
3308 3766
3309 3878
3310 424
3311 3648
3312 2152
3313 4262
3314 2378
3315 2340
3316 246
3317 4319
3318 3813
3319 4303
3320 4297
3321 2029
3322 3928
3323 4532
3324 704
3325 2473
3326 3059
3327 2140
3328 2944
3329 3101
3330 525
3331 2390
3332 3841
3333 416
3334 3925
3335 1542
3336 4151
3337 3880
3338 4509
3339 231
3340 958
3341 4398
3342 3130
3343 515
3344 3107
3345 3542
3346 51
3347 95
3348 3334
3349 3215
3350 939
3351 2863
3352 1304
3353 2130
3354 612
3355 2355
3356 3869
3357 2756
3358 3961
3359 4267
3360 3463
3361 4243
3362 4388
3363 3474
3364 2923
3365 467
3366 4335
3367 1701
3368 3193
3369 3137
3370 3683
3371 3741
3372 4485
3373 4396
3374 3956
3375 552
3376 3295
3377 3216
3378 137
3379 3805
3380 4394
3381 4075
3382 2402
3383 4102
3384 1567
3385 321
3386 3273
3387 748
3388 3628
3389 3400
3390 542
3391 568
3392 2716
3393 756
3394 4346
3395 3546
3396 3548
3397 447
3398 2600
3399 3232
3400 427
3401 589
3402 476
3403 4516
3404 3924
3405 43
3406 4067
3407 1799
3408 4450
3409 4207
3410 979
3411 3456
3412 404
3413 4298
3414 1731
3415 2649
3416 2046
3417 3982
3418 2145
3419 3514
3420 134
3421 3633
3422 3818
3423 3117
3424 975
3425 2398
3426 4481
3427 3538
3428 482
3429 3807
3430 2850
3431 2198
3432 4113
3433 1166
3434 3147
3435 3535
3436 2
3437 3711
3438 4457
3439 4447
3440 2178
3441 1859
3442 3365
3443 465
3444 2234
3445 3370
3446 3395
3447 2734
3448 3357
3449 2466
3450 2281
3451 3582
3452 4493
3453 620
3454 3468
3455 4265
3456 4321
3457 4551
3458 2950
3459 1337
3460 4488
3461 3611
3462 3630
3463 3343
3464 614
3465 3482
3466 3442
3467 4437
3468 2680
3469 1276
3470 1500
3471 4224
3472 3003
3473 247
3474 4027
3475 1135
3476 2258
3477 4195
3478 142
3479 3229
3480 3617
3481 3654
3482 3905
3483 3417
3484 4295
3485 2622
3486 3301
3487 479
3488 1978
3489 3304
3490 378
3491 530
3492 241
3493 4327
3494 3743
3495 3522
3496 4561
3497 3425
3498 2515
3499 4526
3500 1713
3501 1001
3502 1663
3503 720
3504 2139
3505 4002
3506 797
3507 1222
3508 4542
3509 3380
3510 279
3511 3563
3512 4123
3513 4030
3514 3603
3515 116
3516 4368
3517 3440
3518 1318
3519 3890
3520 3739
3521 3553
3522 2785
3523 3560
3524 4496
3525 886
3526 53
3527 2461
3528 397
3529 3446
3530 3748
3531 3752
3532 422
3533 796
3534 4419
3535 437
3536 2560
3537 2495
3538 478
3539 553
3540 167
3541 334
3542 3720
3543 3062
3544 412
3545 844
3546 3638
3547 4499
3548 936
3549 3768
3550 12
3551 1928
3552 4045
3553 3782
3554 3939
3555 2102
3556 4391
3557 3235
3558 1739
3559 608
3560 423
3561 3933
3562 2345
3563 1058
3564 504
3565 2999
3566 2562
3567 14
3568 228
3569 1878
3570 17
3571 2985
3572 687
3573 4049
3574 3080
3575 3576
3576 3487
3577 1335
3578 564
3579 3443
3580 912
3581 3140
3582 3655
3583 460
3584 4367
3585 498
3586 3764
3587 1363
3588 2834
3589 3275
3590 2847
3591 2598
3592 2799
3593 2857
3594 128
3595 3485
3596 2584
3597 1835
3598 1037
3599 1358
3600 2588
3601 103
3602 1614
3603 462
3604 3368
3605 4503
3606 3865
3607 502
3608 3854
3609 339
3610 3186
3611 223
3612 509
3613 2382
3614 3240
3615 3649
3616 3689
3617 3759
3618 3957
3619 122
3620 617
3621 4456
3622 1111
3623 3692
3624 3784
3625 2712
3626 2811
3627 713
3628 4070
3629 1263
3630 4494
3631 258
3632 937
3633 3944
3634 2012
3635 923
3636 3410
3637 2166
3638 1782
3639 3995
3640 1350
3641 3020
3642 2800
3643 4272
3644 3437
3645 101
3646 1448
3647 4077
3648 4466
3649 3848
3650 3566
3651 2159
3652 3601
3653 4199
3654 1634
3655 2861
3656 4514
3657 1563
3658 4330
3659 1383
3660 531
3661 1325
3662 3953
3663 3941
3664 3667
3665 278
3666 3330
3667 97
3668 4400
3669 3866
3670 3640
3671 702
3672 1291
3673 3520
3674 4129
3675 2498
3676 3892
3677 4015
3678 291
3679 3907
3680 1827
3681 2127
3682 2836
3683 2113
3684 587
3685 1881
3686 1929
3687 3900
3688 4213
3689 1860
3690 3658
3691 981
3692 262
3693 2684
3694 3491
3695 2903
3696 1774
3697 1775
3698 3459
3699 3076
3700 2150
3701 3946
3702 16
3703 1195
3704 2616
3705 2601
3706 4149
3707 2948
3708 259
3709 3964
3710 3103
3711 595
3712 1781
3713 2203
3714 760
3715 3796
3716 1820
3717 2279
3718 4392
3719 3998
3720 2530
3721 4051
3722 235
3723 1407
3724 221
3725 3472
3726 927
3727 4443
3728 3677
3729 4117
3730 3452
3731 3682
3732 897
3733 4314
3734 4238
3735 3165
3736 716
3737 2100
3738 1177
3739 1973
3740 420
3741 3552
3742 3354
3743 74
3744 4386
3745 1857
3746 2937
3747 323
3748 2953
3749 4353
3750 388
3751 1432
3752 3105
3753 2844
3754 3797
3755 1233
3756 4560
3757 1864
3758 1484
3759 3799
3760 4251
3761 1329
3762 759
3763 99
3764 1575
3765 4242
3766 2943
3767 1760
3768 3540
3769 2581
3770 769
3771 4133
3772 999
3773 541
3774 2311
3775 1213
3776 2032
3777 3367
3778 3057
3779 3809
3780 1265
3781 213
3782 3943
3783 3164
3784 3118
3785 2653
3786 767
3787 940
3788 2884
3789 649
3790 3238
3791 4459
3792 4401
3793 4057
3794 2909
3795 2994
3796 3345
3797 1133
3798 4433
3799 4161
3800 3408
3801 3859
3802 1262
3803 4185
3804 3645
3805 1690
3806 2319
3807 526
3808 1126
3809 1031
3810 1196
3811 4157
3812 2975
3813 2388
3814 905
3815 3871
3816 3669
3817 727
3818 777
3819 1243
3820 932
3821 3976
3822 414
3823 3436
3824 3974
3825 4178
3826 1270
3827 4424
3828 4541
3829 1759
3830 349
3831 1722
3832 1533
3833 2094
3834 1359
3835 1666
3836 2750
3837 3429
3838 3860
3839 2904
3840 3935
3841 1606
3842 488
3843 3794
3844 4453
3845 1938
3846 3945
3847 3916
3848 1767
3849 4497
3850 3219
3851 3849
3852 3551
3853 3838
3854 2585
3855 4174
3856 4142
3857 4052
3858 454
3859 743
3860 3652
3861 3712
3862 135
3863 1007
3864 1237
3865 1460
3866 3029
3867 1538
3868 280
3869 3132
3870 1476
3871 3634
3872 2028
3873 3414
3874 3687
3875 3123
3876 3861
3877 2070
3878 3176
3879 3248
3880 4299
3881 2887
3882 3050
3883 4524
3884 499
3885 4154
3886 491
3887 1640
3888 3885
3889 3728
3890 409
3891 2866
3892 1723
3893 1190
3894 3597
3895 1769
3896 1657
3897 442
3898 2247
3899 3746
3900 1365
3901 3750
3902 1393
3903 4425
3904 3875
3905 4029
3906 3133
3907 1368
3908 4545
3909 4007
3910 4032
3911 3852
3912 3177
3913 3881
3914 742
3915 4177
3916 3823
3917 4039
3918 1251
3919 4179
3920 520
3921 4197
3922 2966
3923 2040
3924 4155
3925 907
3926 594
3927 3066
3928 4128
3929 1094
3930 803
3931 609
3932 3316
3933 591
3934 750
3935 1012
3936 1249
3937 1743
3938 3947
3939 1861
3940 89
3941 3920
3942 1825
3943 2449
3944 344
3945 1764
3946 3270
3947 1389
3948 4107
3949 2019
3950 2991
3951 3934
3952 4420
3953 969
3954 2063
3955 159
3956 2925
3957 4059
3958 1794
3959 3684
3960 1279
3961 839
3962 3719
3963 869
3964 3281
3965 3718
3966 2122
3967 1908
3968 2244
3969 4300
3970 2031
3971 2522
3972 2381
3973 5
3974 3725
3975 4317
3976 4479
3977 3996
3978 63
3979 1824
3980 4438
3981 2089
3982 3589
3983 992
3984 2438
3985 4402
3986 4038
3987 3379
3988 4180
3989 2190
3990 1840
3991 3346
3992 3994
3993 600
3994 654
3995 984
3996 766
3997 4550
3998 4110
3999 2020
4000 4130
4001 1203
4002 557
4003 2761
4004 21
4005 2928
4006 2341
4007 4558
4008 674
4009 1543
4010 3895
4011 4275
4012 4000
4013 3504
4014 3706
4015 1805
4016 2590
4017 1587
4018 290
4019 4360
4020 3409
4021 2967
4022 4308
4023 1814
4024 303
4025 3575
4026 3534
4027 2918
4028 1398
4029 3830
4030 4181
4031 1972
4032 4214
4033 4162
4034 4331
4035 636
4036 1846
4037 4020
4038 662
4039 230
4040 1085
4041 425
4042 798
4043 3864
4044 1970
4045 1582
4046 1010
4047 450
4048 4248
4049 3055
4050 3913
4051 4253
4052 1678
4053 1752
4054 3488
4055 788
4056 1063
4057 292
4058 2384
4059 749
4060 611
4061 3031
4062 4209
4063 4090
4064 1621
4065 4352
4066 512
4067 1122
4068 4527
4069 123
4070 1472
4071 2125
4072 352
4073 2424
4074 1822
4075 1
4076 3604
4077 1643
4078 1693
4079 3642
4080 4536
4081 2137
4082 1134
4083 3625
4084 2577
4085 18
4086 4122
4087 2873
4088 1495
4089 1125
4090 765
4091 4205
4092 1651
4093 1922
4094 4323
4095 3292
4096 1942
4097 3966
4098 1990
4099 3659
4100 4158
4101 1784
4102 1459
4103 206
4104 3883
4105 2496
4106 1635
4107 524
4108 1131
4109 565
4110 360
4111 1858
4112 4098
4113 2170
4114 377
4115 4216
4116 1552
4117 1770
4118 4289
4119 4552
4120 2623
4121 1749
4122 4189
4123 1838
4124 4233
4125 1954
4126 706
4127 794
4128 4324
4129 4311
4130 815
4131 3448
4132 2579
4133 3223
4134 2519
4135 3899
4136 1672
4137 224
4138 3467
4139 1997
4140 2067
4141 791
4142 2587
4143 3054
4144 4193
4145 1297
4146 2120
4147 3708
4148 4446
4149 1768
4150 942
4151 2323
4152 3280
4153 4547
4154 2173
4155 2107
4156 1124
4157 4034
4158 3699
4159 3363
4160 3973
4161 168
4162 3980
4163 257
4164 1516
4165 261
4166 133
4167 4393
4168 389
4169 4412
4170 4111
4171 1796
4172 1772
4173 3730
4174 265
4175 830
4176 655
4177 731
4178 1074
4179 4501
4180 1379
4181 2839
4182 1877
4183 4372
4184 2111
4185 3793
4186 2527
4187 2064
4188 721
4189 3674
4190 953
4191 3828
4192 445
4193 1005
4194 1665
4195 2092
4196 3990
4197 2082
4198 1761
4199 3479
4200 2058
4201 1310
4202 1301
4203 1290
4204 2549
4205 723
4206 216
4207 1218
4208 1478
4209 4364
4210 3710
4211 2475
4212 2026
4213 864
4214 2648
4215 446
4216 493
4217 40
4218 555
4219 574
4220 680
4221 873
4222 370
4223 3972
4224 1595
4225 1309
4226 899
4227 171
4228 4018
4229 2321
4230 3037
4231 1049
4232 2202
4233 1416
4234 2087
4235 4329
4236 3322
4237 683
4238 2589
4239 652
4240 1937
4241 722
4242 1736
4243 820
4244 1721
4245 3663
4246 3161
4247 3927
4248 1744
4249 639
4250 1839
4251 270
4252 2177
4253 2448
4254 1746
4255 1682
4256 1755
4257 2068
4258 2576
4259 4046
4260 2076
4261 4513
4262 4190
4263 2678
4264 3951
4265 3763
4266 2242
4267 4192
4268 2802
4269 2241
4270 1793
4271 4445
4272 1002
4273 2977
4274 2207
4275 2485
4276 2287
4277 3671
4278 4264
4279 2421
4280 2200
4281 2614
4282 4094
4283 831
4284 2483
4285 1817
4286 2574
4287 1617
4288 4316
4289 2108
4290 2146
4291 2591
4292 4229
4293 4554
4294 3987
4295 3392
4296 3122
4297 108
4298 2995
4299 793
4300 2396
4301 3111
4302 3035
4303 1683
4304 782
4305 3008
4306 4337
4307 2628
4308 2655
4309 107
4310 4170
4311 3914
4312 4315
4313 4230
4314 4125
4315 1253
4316 935
4317 3714
4318 4081
4319 4257
4320 1080
4321 2186
4322 4055
4323 75
4324 2010
4325 2758
4326 2191
4327 2268
4328 737
4329 503
4330 3195
4331 1457
4332 440
4333 1072
4334 1836
4335 4100
4336 1201
4337 1848
4338 601
4339 3981
4340 4472
4341 2705
4342 2846
4343 4508
4344 2902
4345 4409
4346 1112
4347 3209
4348 2617
4349 3574
4350 1798
4351 309
4352 4301
4353 2899
4354 1711
4355 3827
4356 4302
4357 3269
4358 64
4359 1016
4360 36
4361 4492
4362 741
4363 3015
4364 2664
4365 2613
4366 3765
4367 1105
4368 1258
4369 1293
4370 2422
4371 3371
4372 2837
4373 641
4374 2344
4375 1167
4376 3234
4377 3808
4378 3034
4379 1320
4380 173
4381 4405
4382 1853
4383 2727
4384 2193
4385 2720
4386 4465
4387 1242
4388 3070
4389 2097
4390 2004
4391 3600
4392 2773
4393 4467
4394 436
4395 2328
4396 1812
4397 2075
4398 2679
4399 4428
4400 1601
4401 1556
4402 660
4403 4008
4404 2489
4405 1917
4406 2301
4407 2526
4408 4266
4409 1664
4410 3027
4411 2243
4412 1106
4413 3179
4414 2838
4415 1443
4416 1869
4417 415
4418 1811
4419 3043
4420 1823
4421 1855
4422 2330
4423 2021
4424 1428
4425 367
4426 2916
4427 3403
4428 4028
4429 1872
4430 2897
4431 532
4432 3679
4433 1466
4434 2088
4435 1847
4436 4247
4437 778
4438 2038
4439 1513
4440 4361
4441 1646
4442 4210
4443 3641
4444 623
4445 2729
4446 816
4447 1553
4448 3737
4449 2246
4450 2762
4451 3810
4452 1054
4453 3061
4454 1910
4455 2455
4456 165
4457 4517
4458 2442
4459 4529
4460 4449
4461 2006
4462 496
4463 1791
4464 2845
4465 3494
4466 1336
4467 4559
4468 2646
4469 1610
4470 4469
4471 1250
4472 2605
4473 1652
4474 1905
4475 1642
4476 4140
4477 805
4478 3785
4479 2445
4480 861
4481 4146
4482 196
4483 2642
4484 1974
4485 131
4486 4132
4487 4309
4488 1030
4489 2115
4490 3585
4491 2232
4492 3430
4493 653
4494 628
4495 3806
4496 3643
4497 100
4498 4310
4499 863
4500 948
4501 712
4502 1899
4503 2820
4504 1173
4505 2699
4506 890
4507 2559
4508 1107
4509 588
4510 4001
4511 915
4512 363
4513 3005
4514 4495
4515 3846
4516 2195
4517 2938
4518 2610
4519 66
4520 827
4521 560
4522 4322
4523 1712
4524 1328
4525 4252
4526 1003
4527 1658
4528 835
4529 1444
4530 109
4531 1647
4532 1894
4533 3613
4534 919
4535 1961
4536 580
4537 4099
4538 1240
4539 2376
4540 974
4541 1890
4542 251
4543 4410
4544 282
4545 4108
4546 567
4547 1684
4548 678
4549 1895
4550 2780
4551 3952
4552 3211
4553 448
4554 1776
4555 2110
4556 3384
4557 1904
4558 4092
4559 2141
4560 661
4561 4035
4562 77
