0 3423
1 6110
2 2016
3 1256
4 7329
5 6993
6 8116
7 1524
8 8498
9 7206
10 8432
11 5416
12 5652
13 3779
14 5321
15 8066
16 3555
17 8167
18 6349
19 6049
20 908
21 2193
22 4827
23 7492
24 3832
25 1266
26 5967
27 1066
28 2356
29 6197
30 259
31 4008
32 5883
33 5584
34 4767
35 387
36 6874
37 3283
38 3387
39 368
40 4443
41 52
42 151
43 7945
44 1897
45 3620
46 7581
47 8486
48 3090
49 4515
50 3717
51 962
52 3585
53 4686
54 3627
55 1723
56 3218
57 2593
58 3950
59 2067
60 2034
61 3680
62 5233
63 4345
64 6434
65 4146
66 4909
67 6694
68 1161
69 2956
70 3445
71 917
72 2538
73 5283
74 4538
75 3764
76 5836
77 6390
78 944
79 393
80 4458
81 5268
82 5471
83 7363
84 8206
85 4687
86 1727
87 697
88 4860
89 4056
90 7472
91 2980
92 7014
93 4683
94 4969
95 4299
96 1574
97 7089
98 6153
99 8155
100 3828
101 775
102 2350
103 251
104 3727
105 1326
106 2961
107 5017
108 3493
109 7542
110 5342
111 7691
112 1856
113 7338
114 5749
115 7897
116 6552
117 8219
118 7552
119 8394
120 305
121 1454
122 5366
123 2102
124 7864
125 285
126 2535
127 6825
128 4589
129 8546
130 536
131 5133
132 7792
133 6819
134 2519
135 4610
136 6333
137 3281
138 4482
139 2299
140 3509
141 8070
142 1248
143 1534
144 2713
145 1738
146 1863
147 4571
148 3012
149 6080
150 8200
151 3686
152 209
153 2989
154 6703
155 3513
156 1344
157 806
158 109
159 6559
160 4230
161 4798
162 882
163 6423
164 953
165 2915
166 2549
167 46
168 2201
169 1799
170 4541
171 5456
172 161
173 7424
174 7721
175 4378
176 1948
177 1806
178 7692
179 6488
180 4406
181 8503
182 2340
183 3826
184 4836
185 6951
186 5933
187 1269
188 3093
189 1483
190 1375
191 98
192 5394
193 6590
194 6639
195 783
196 4249
197 5956
198 1103
199 5823
200 3761
201 8322
202 5531
203 7918
204 4565
205 5829
206 3705
207 765
208 6207
209 4901
210 1886
211 114
212 4907
213 79
214 6449
215 6315
216 7218
217 2717
218 2645
219 8103
220 4155
221 2317
222 2466
223 6011
224 7480
225 7030
226 3499
227 1106
228 2945
229 5355
230 5662
231 5196
232 7065
233 4751
234 2502
235 5330
236 6243
237 4139
238 7633
239 1021
240 6545
241 5385
242 267
243 4120
244 2069
245 874
246 3335
247 924
248 2571
249 3580
250 5200
251 2812
252 2177
253 2165
254 6076
255 6083
256 6017
257 1842
258 8360
259 2809
260 1683
261 3602
262 1681
263 8401
264 332
265 534
266 8282
267 7631
268 3068
269 4629
270 6758
271 1238
272 106
273 1841
274 5569
275 7279
276 7012
277 1348
278 1063
279 5211
280 5368
281 8451
282 2589
283 6367
284 492
285 7623
286 2587
287 3018
288 7927
289 129
290 5255
291 7606
292 7947
293 4033
294 8065
295 1441
296 6127
297 907
298 6348
299 3606
300 2326
301 6164
302 1371
303 8035
304 1354
305 2152
306 3146
307 4738
308 3239
309 2678
310 1646
312 7417
313 4341
314 1838
315 1309
316 1268
317 878
318 4293
319 1410
320 2783
321 3587
322 6836
323 3528
324 1960
325 4434
326 6858
327 3103
328 6429
329 6173
330 6435
331 1438
332 7339
333 8429
334 8275
335 3137
336 5687
337 5110
338 8534
339 4521
340 1366
341 2626
342 2999
343 1573
344 2027
345 1436
346 5198
347 1650
348 2828
349 6574
350 3211
351 5929
352 2409
353 5708
354 3523
355 4624
356 1033
357 5819
358 4366
359 1197
360 1864
361 128
362 3636
363 7507
364 1178
365 5153
366 6353
367 6921
368 3780
369 4951
370 8141
371 1334
372 1793
373 8075
374 5876
375 5718
376 5562
377 5066
378 5621
379 397
380 146
381 6074
382 6448
383 7533
384 5609
385 2156
386 1361
387 6419
388 8566
389 827
390 4137
391 1967
392 1768
393 6770
394 2606
395 6182
396 6055
397 6186
398 2882
399 2170
400 426
401 230
402 3342
403 6754
404 4642
406 5960
407 4769
408 7252
409 1379
410 2577
411 6980
412 3901
413 4829
414 1758
415 6489
416 6604
417 7224
418 5461
419 5089
420 4432
421 833
423 3910
424 208
425 6880
426 3066
427 3816
428 1464
430 3718
431 8198
432 6503
433 3588
434 4346
435 5382
436 8453
437 1513
438 7167
439 4993
440 1239
441 1844
442 762
443 1131
444 841
445 4272
446 5219
447 5406
448 2008
449 2584
450 2253
451 2065
452 7103
453 7128
454 4741
455 5071
456 5676
457 7343
458 7940
459 5287
460 1292
461 3876
462 1788
463 1367
464 733
465 5625
466 2433
467 4248
468 5692
469 2903
470 3988
471 4462
472 4203
473 6871
474 3818
475 4326
476 6490
477 4278
478 8009
479 4393
480 3326
481 2960
482 829
483 2643
484 5052
485 5873
486 3737
487 8574
488 216
489 7385
490 2968
491 4955
492 6480
493 1429
494 1232
495 1748
496 1543
497 7457
498 8321
499 791
500 4547
501 5888
502 5380
503 6204
504 4973
505 2526
506 6342
507 5610
508 5988
509 3961
510 5500
511 7959
512 868
513 2127
514 3583
515 3257
516 804
517 3757
518 2045
519 7937
520 1603
521 4062
522 881
523 463
524 440
525 7538
526 6111
527 1203
528 808
529 2470
530 4545
531 3175
532 7834
533 4561
534 7054
535 2172
536 1016
537 3102
538 8014
539 3067
540 1487
541 5665
542 7025
543 455
544 2024
545 6424
546 1976
547 1399
548 4320
549 3179
550 5884
551 552
552 178
553 5379
554 1078
555 2002
556 8100
557 4582
558 8045
559 951
560 5216
561 3256
562 44
563 7075
564 6720
565 1426
566 6302
567 7126
568 8531
569 1209
570 5982
571 7906
572 741
573 4737
574 7561
575 4733
576 4760
577 8477
578 6607
579 7459
580 4419
581 7139
582 8364
583 916
584 604
585 4064
586 5091
587 4890
588 6529
589 1492
590 4806
591 6478
592 7963
593 7557
594 6896
595 1174
596 7839
597 8162
598 6158
599 1218
600 6976
601 1135
602 7344
603 6541
604 4878
605 5275
606 4824
607 1692
608 3119
609 7532
610 2841
611 7624
612 55
613 2729
614 1119
615 2501
616 7844
617 4128
618 3978
619 3720
620 3712
621 3223
622 2210
623 6149
624 6446
625 5657
626 144
627 3703
628 5231
629 7899
630 504
631 4289
632 2314
633 1285
634 8560
635 3028
636 644
637 4838
638 4513
639 2776
640 7550
641 6843
642 6691
643 5770
644 3024
645 3056
646 5008
647 7450
648 7285
649 6763
650 3042
651 3058
652 7028
653 6644
654 3666
655 2734
656 8502
657 4864
658 6585
659 6895
660 7637
661 7929
662 8268
663 3878
664 2430
665 2540
666 6203
667 3766
668 5265
669 657
670 8347
671 5797
672 8292
673 6900
674 5298
675 2935
676 4300
677 1971
678 7718
679 7820
680 2902
681 378
682 4196
683 294
684 1245
685 4984
686 5444
687 2459
688 5993
689 5032
690 3094
691 5214
692 8447
693 5297
694 7352
695 7696
696 3115
697 6313
698 1635
699 3479
700 2057
701 3343
702 1243
703 5051
704 778
705 770
706 7151
707 123
708 792
709 3796
710 7674
711 15
712 567
713 5868
714 4398
715 850
716 6638
717 5477
718 4411
719 817
720 5449
721 4374
722 7586
723 6598
724 4162
725 7120
726 4673
727 4174
728 1902
729 5404
730 3341
731 6784
732 4242
733 137
734 1572
735 5362
736 6700
737 2448
738 2712
739 7178
740 4734
741 6402
742 1364
743 8239
744 7174
745 7501
746 160
747 2497
748 7425
749 2056
750 1427
751 3461
752 7704
753 1616
754 3882
755 5571
756 5510
757 8506
758 119
759 7828
760 3290
761 2411
762 5080
763 4803
764 1217
765 2691
766 5854
767 1356
768 7449
769 2456
770 5909
771 407
772 2546
773 5497
774 4201
775 1228
776 4906
777 1274
778 7883
779 4047
780 2211
781 2413
782 5021
783 2804
784 7049
785 122
786 6150
787 3762
788 1740
789 260
790 4492
791 5532
792 5338
793 1207
794 5910
795 5874
796 1764
797 3033
798 6745
799 6704
800 6599
801 4142
802 2720
803 6616
804 7567
805 8042
806 2897
807 118
808 416
809 7807
810 4789
811 7263
812 8522
813 3159
814 6010
815 124
816 794
817 7083
818 1405
819 8497
820 1163
821 6909
822 3426
823 4707
824 6975
825 8027
826 7789
827 1460
828 8127
829 7309
830 62
832 6023
833 6717
834 4605
835 2296
836 6730
837 5789
838 5601
839 331
840 5293
841 2644
842 1631
843 6817
844 382
845 8000
846 6768
847 5262
848 2044
849 3227
850 2275
851 3318
852 2637
853 7010
854 3912
855 6328
856 6997
857 4255
858 2182
859 2035
860 4391
861 1816
862 6645
863 1158
864 4053
865 5378
866 5683
867 6090
868 3719
869 3184
870 7318
871 4991
872 7009
873 6386
874 5290
875 6631
876 6906
877 7793
878 6749
879 8388
880 7295
881 2485
882 5000
883 4702
884 7605
885 1101
886 3191
887 1591
888 6664
889 822
890 5722
891 468
892 7148
893 1271
894 2101
895 5771
896 8012
897 2117
898 3246
899 5339
900 2616
901 7964
902 1850
903 7117
904 5724
905 3667
906 906
907 5997
908 6679
909 2865
910 5673
911 1193
912 4438
913 5936
914 2294
915 4746
916 6242
917 3038
918 4009
919 4535
920 3515
921 3149
922 7133
923 8170
924 6013
925 2896
927 726
928 5529
929 1020
930 4763
931 2146
932 2236
933 4508
934 2047
935 7910
936 6711
937 2942
938 1202
939 4193
940 7872
941 4284
942 7809
943 5637
944 6634
945 7070
946 4115
947 4959
948 3517
949 5044
950 2488
951 6474
952 2089
953 3347
954 1064
955 4844
956 4318
957 1190
958 7822
959 433
960 1580
961 2426
962 4757
963 1417
964 2892
965 3188
966 5152
967 4697
968 7936
969 6636
970 4259
971 1866
972 3784
973 1765
974 1791
975 5793
976 3457
977 5350
978 1520
979 7465
980 6317
981 3292
982 6178
983 4659
984 7801
985 6840
986 4032
987 1696
988 7086
989 8043
990 611
991 7105
992 6610
993 4792
994 6104
995 7970
996 5291
997 1184
998 3392
999 3456
1000 3599
1001 1305
1002 5252
1003 2424
1004 155
1005 8079
1006 1176
1007 6081
1008 2
1009 453
1010 7042
1011 3739
1012 7564
1013 3673
1014 1416
1015 1041
1016 4974
1017 7439
1018 8163
1019 7799
1020 1865
1021 5294
1022 7953
1023 7668
1024 4553
1025 2324
1026 7695
1027 7463
1028 8480
1029 56
1030 6938
1031 947
1032 3999
1033 8547
1034 2359
1035 5396
1036 1585
1037 2963
1038 1144
1039 6022
1040 6377
1041 7506
1042 3167
1043 5845
1044 5239
1045 442
1046 7216
1047 5232
1048 4014
1049 3495
1050 7589
1051 8025
1052 636
1053 7620
1054 3695
1055 1385
1056 5352
1057 5778
1058 8232
1059 8365
1060 1883
1061 435
1062 6075
1063 3037
1064 2796
1065 8567
1066 8238
1067 8030
1068 5256
1069 6814
1070 6977
1071 6240
1072 99
1073 418
1074 4208
1075 7570
1076 2861
1077 6844
1078 5917
1079 340
1080 2260
1081 6702
1082 4313
1083 5561
1084 6073
1085 7364
1086 5113
1087 5754
1088 238
1089 4722
1090 7288
1091 256
1092 934
1093 6988
1094 3322
1095 1975
1096 6392
1097 8569
1098 4160
1099 7403
1100 1453
1101 8202
1102 3541
1103 6165
1104 7149
1105 6534
1106 2726
1107 5671
1108 3022
1109 2198
1110 2096
1111 7254
1112 8041
1113 5588
1114 1127
1115 6045
1116 6923
1117 7933
1118 680
1119 3340
1120 8237
1121 7772
1122 6851
1123 5780
1124 5524
1125 5358
1126 265
1127 4102
1128 2061
1129 7324
1130 7544
1131 111
1132 1029
1133 2901
1134 1815
1135 6727
1136 7794
1137 7787
1138 2595
1139 4457
1140 6077
1141 113
1142 7210
1143 4480
1144 3817
1145 7458
1146 3389
1147 3238
1148 4169
1149 2910
1150 1347
1151 7873
1152 1018
1153 3369
1154 4849
1155 6160
1156 2553
1157 3468
1158 2200
1159 8371
1160 5505
1161 1213
1162 3307
1163 127
1164 821
1165 7098
1166 2043
1167 2612
1168 6530
1169 7736
1170 6213
1171 6956
1172 758
1173 1972
1174 4317
1175 5965
1176 2769
1177 518
1179 522
1180 6200
1181 1762
1182 5480
1183 6655
1184 1745
1185 6157
1186 3632
1187 4035
1188 2197
1189 6630
1190 2563
1191 29
1192 8207
1193 7259
1194 523
1195 6884
1196 5501
1197 572
1198 5228
1199 2672
1200 7179
1201 6688
1202 7508
1203 7211
1204 3785
1205 6347
1206 4217
1207 4818
1208 8541
1209 1377
1210 1107
1211 2270
1212 182
1213 4117
1214 3221
1215 802
1216 5035
1217 396
1218 6669
1219 3297
1220 4429
1221 4704
1222 7202
1223 5181
1224 4939
1225 6979
1226 905
1227 782
1228 7894
1229 7124
1230 6949
1231 3464
1232 2273
1233 494
1234 5447
1235 7578
1236 5427
1237 7106
1238 5860
1239 3169
1240 8180
1241 893
1242 6439
1243 5467
1244 4505
1245 7697
1246 6958
1247 1981
1248 5429
1249 2408
1250 1990
1251 5792
1252 4834
1253 2597
1254 8264
1255 8021
1256 7961
1257 5969
1258 5581
1259 6344
1260 8352
1261 650
1262 8519
1263 221
1264 2428
1265 7325
1266 6414
1267 5460
1268 6803
1269 1212
1270 6364
1271 451
1272 4135
1273 6255
1274 8013
1275 5592
1276 2706
1277 7304
1278 2295
1279 4016
1280 3411
1281 6345
1282 668
1283 3046
1284 3661
1285 1569
1286 8134
1287 5005
1288 7519
1289 5545
1290 5272
1291 5680
1292 2163
1293 7903
1294 3228
1295 3182
1296 2958
1297 5315
1298 7592
1299 7080
1300 3996
1301 4180
1302 1604
1303 4808
1304 1136
1305 7745
1306 1598
1307 6303
1308 4364
1309 2993
1310 8205
1311 6779
1312 5999
1313 5952
1314 3206
1315 7625
1316 3052
1317 7547
1318 3799
1319 8419
1320 8491
1321 4597
1322 7460
1323 5981
1324 4452
1325 5400
1326 140
1327 7081
1328 4979
1329 4570
1330 5526
1331 973
1332 7423
1333 3108
1334 5250
1335 8353
1336 4708
1337 888
1338 3430
1339 2517
1340 5865
1341 7851
1342 3289
1343 6154
1344 569
1345 1173
1346 3622
1347 3765
1348 5672
1349 7657
1350 5945
1351 2062
1352 5263
1353 8032
1354 2126
1355 1002
1356 5452
1357 7874
1358 1124
1359 6957
1360 2118
1361 2386
1362 1947
1363 7278
1364 568
1365 5773
1366 6001
1367 1047
1368 2909
1369 1794
1370 4191
1371 6431
1372 1707
1373 8430
1374 5736
1375 2147
1376 3763
1377 5084
1378 3760
1379 7852
1380 4778
1381 3107
1382 2990
1383 3026
1384 8036
1385 2524
1386 3453
1387 2978
1388 7975
1389 600
1390 2160
1391 4631
1392 5613
1393 2318
1394 982
1395 6961
1396 2764
1397 2202
1398 4859
1399 6523
1400 7034
1401 6859
1402 5674
1403 4254
1404 6465
1405 7270
1406 1113
1407 6406
1408 1145
1409 1746
1410 5679
1411 7880
1412 6733
1413 5849
1414 3280
1415 8559
1416 8501
1417 6324
1418 6986
1419 4264
1420 5020
1421 8380
1422 1439
1423 4946
1424 7264
1425 1757
1426 5626
1427 87
1428 2653
1429 2728
1430 6278
1431 2620
1432 2586
1433 4953
1434 5348
1435 1235
1436 7464
1437 6690
1438 4893
1439 7245
1440 4611
1441 3193
1442 6020
1443 1169
1444 846
1445 322
1446 6729
1447 6767
1448 7878
1449 8359
1450 6913
1451 7470
1452 6685
1453 8265
1454 5663
1455 4407
1456 4645
1457 4447
1458 2512
1459 6863
1460 4041
1461 7571
1462 1928
1463 1884
1464 4257
1465 4551
1466 2650
1467 7022
1468 344
1469 6887
1470 4625
1471 68
1472 476
1473 6842
1474 5783
1475 4649
1476 4470
1477 2602
1478 4058
1479 6648
1480 8129
1481 274
1482 757
1483 753
1484 6882
1485 7127
1486 5119
1487 2530
1488 3563
1489 5415
1490 4797
1491 5957
1492 2351
1493 6145
1494 6099
1495 3151
1496 1648
1497 950
1498 7976
1499 8563
1500 5719
1501 4988
1502 1823
1503 735
1504 5064
1505 3997
1506 5450
1507 5440
1508 2052
1509 6601
1510 6219
1511 3787
1512 8452
1513 8245
1514 3252
1515 1094
1516 4270
1517 7476
1518 4479
1519 284
1520 3316
1521 2694
1522 7996
1523 890
1524 2922
1525 4023
1526 4602
1527 914
1528 2510
1529 196
1530 2396
1531 3412
1532 2336
1533 5399
1534 7555
1535 6072
1536 8125
1537 5966
1538 4324
1539 987
1540 4742
1541 8435
1542 2022
1543 6544
1544 3609
1545 2775
1546 3965
1547 2439
1548 766
1549 6873
1550 941
1551 3642
1552 8102
1553 3031
1554 5314
1555 2777
1556 7731
1557 2026
1558 2374
1559 5402
1560 6686
1561 1744
1562 6092
1563 2972
1564 1700
1565 5629
1566 8194
1567 3586
1568 1509
1569 6492
1570 2814
1571 3044
1572 6967
1573 3508
1574 6180
1575 1204
1576 6573
1577 3948
1578 6097
1579 5227
1580 4044
1581 4847
1582 1001
1583 6569
1584 2477
1585 4967
1587 1774
1588 1957
1589 5326
1590 4475
1591 5633
1592 647
1593 6393
1594 7516
1595 3225
1596 1508
1597 4381
1598 8487
1599 6484
1600 1462
1601 1912
1602 1843
1603 7656
1604 1606
1605 358
1606 7284
1607 8415
1608 3743
1609 6775
1610 350
1611 405
1612 7730
1613 4826
1614 7630
1615 319
1616 181
1617 4768
1618 5534
1619 7662
1620 513
1621 4415
1622 5086
1623 6886
1624 1896
1625 1877
1626 4691
1627 7727
1628 828
1629 3906
1630 6596
1631 7926
1632 4775
1633 6578
1634 3152
1635 1557
1636 6054
1637 4442
1638 5979
1639 1760
1640 2382
1641 1409
1642 2655
1643 7688
1644 1729
1645 1761
1646 508
1647 6189
1648 5863
1649 4715
1650 2774
1651 656
1652 7915
1653 4718
1654 8423
1655 6875
1656 7914
1657 3922
1658 2090
1659 2079
1660 8403
1661 3452
1662 4728
1663 4937
1664 5134
1665 7032
1666 1030
1667 3471
1668 936
1669 3494
1670 5251
1671 591
1672 1826
1673 1954
1674 5016
1675 4195
1676 190
1677 5825
1678 1789
1679 999
1680 2570
1681 672
1682 8069
1683 7134
1684 1674
1685 8153
1686 6069
1687 2817
1688 824
1689 5264
1690 133
1691 2505
1692 7161
1693 4781
1694 237
1695 3352
1696 273
1697 3677
1698 420
1699 1099
1700 4783
1701 7336
1702 3481
1703 1420
1704 2569
1705 1370
1706 979
1707 6968
1708 7761
1709 5503
1710 7709
1711 1194
1712 3668
1713 2614
1714 7753
1715 471
1716 5442
1717 3410
1718 2832
1719 1973
1720 5151
1721 8418
1722 6106
1723 1621
1724 3556
1725 4569
1726 1282
1727 6033
1728 3923
1729 4566
1730 1331
1731 506
1732 5149
1733 1175
1734 1451
1735 5377
1736 984
1737 8515
1738 2766
1739 4679
1740 6236
1741 4184
1742 485
1743 5492
1744 7551
1745 613
1746 4081
1747 3395
1748 586
1749 4368
1750 1003
1751 4091
1752 8520
1753 3829
1754 450
1755 1237
1756 5786
1757 5094
1758 176
1759 2246
1760 5942
1761 92
1762 2744
1763 6201
1764 4390
1765 6675
1766 2864
1767 7250
1768 6417
1769 1382
1770 4072
1771 3240
1772 1023
1773 3303
1774 3296
1775 4920
1776 6078
1777 5249
1778 6198
1779 2979
1780 5327
1781 2281
1782 1291
1783 7455
1784 772
1785 6416
1786 620
1787 3883
1788 7679
1789 1781
1790 8410
1791 2494
1792 4077
1793 8089
1794 1820
1795 1661
1796 5522
1797 3241
1798 5230
1799 1991
1800 581
1801 2874
1802 4220
1803 4720
1804 1898
1805 3477
1806 2887
1807 8392
1808 3367
1809 2937
1810 2819
1811 4226
1812 4761
1813 7091
1814 6776
1815 156
1816 1277
1817 4433
1818 3502
1819 1083
1820 6555
1821 6056
1822 4292
1823 2661
1824 4131
1825 5168
1826 2006
1827 7525
1828 3344
1829 7058
1830 1701
1831 7207
1832 3199
1833 5420
1834 7740
1835 5659
1836 3659
1837 5341
1838 3084
1839 163
1840 835
1841 69
1842 8053
1843 3439
1844 1812
1845 3990
1846 6205
1847 739
1848 8319
1849 2846
1850 434
1851 6366
1852 4929
1853 5925
1854 1059
1856 756
1857 1286
1858 7266
1859 3072
1860 5204
1861 4431
1862 7043
1863 8375
1864 8107
1866 5525
1867 6834
1868 8407
1869 8496
1870 7253
1871 7991
1872 2547
1873 994
1874 1008
1875 1526
1876 4036
1877 3575
1878 3443
1879 6728
1880 5347
1881 2592
1882 5566
1883 8026
1884 3235
1885 968
1886 7401
1887 5431
1888 7488
1889 839
1890 1461
1891 5516
1892 21
1893 8038
1894 1493
1895 8572
1896 532
1897 6539
1898 6499
1899 7305
1900 1792
1901 6290
1902 8551
1903 3759
1904 2005
1905 3359
1906 1533
1907 1452
1908 7957
1909 2347
1910 682
1911 8381
1912 4315
1913 5630
1914 3311
1915 1514
1916 3959
1917 5536
1918 6142
1919 7020
1920 3776
1921 1589
1922 5331
1923 4841
1924 5307
1925 8421
1926 5548
1927 4650
1928 6409
1929 7090
1930 6257
1931 2337
1932 8071
1933 1632
1934 1025
1935 1732
1936 8468
1937 1876
1938 8094
1939 6305
1940 3160
1941 911
1942 1013
1943 2596
1944 4918
1945 7317
1946 1383
1947 6684
1948 392
1949 6501
1950 3825
1951 6567
1952 1350
1953 2038
1954 5155
1955 3172
1956 3850
1957 1280
1958 1868
1959 8133
1960 8159
1961 4613
1962 2331
1963 5904
1964 6322
1965 502
1966 7857
1967 4867
1968 5570
1969 8416
1970 5047
1971 7096
1972 4119
1973 436
1974 1834
1975 1088
1976 8052
1977 2484
1978 5512
1979 832
1980 1703
1981 1583
1982 7479
1983 2590
1984 6459
1985 7051
1986 1447
1987 6031
1988 1854
1989 3111
1990 4889
1991 4721
1992 4828
1993 5483
1994 519
1995 6000
1996 3001
1997 167
1998 1775
1999 496
2000 913
2001 2543
2002 4936
2003 64
2004 1336
2005 5169
2006 5295
2007 6383
2008 6903
2009 7843
2010 8222
2011 4705
2012 4349
2013 6168
2014 4869
2015 3143
2016 1565
2017 7553
2018 7240
2019 5222
2020 7380
2021 2097
2022 557
2023 7095
2024 4676
2025 41
2026 5803
2027 4314
2028 809
2029 6292
2030 5504
2031 2266
2032 6708
2033 5691
2034 1530
2035 5167
2036 3768
2037 6008
2038 1935
2039 7448
2040 7840
2041 6646
2042 8552
2043 1038
2044 4813
2045 1906
2046 7669
2047 6924
2048 6014
2049 6647
2050 5731
2051 4674
2052 639
2053 2073
2054 3507
2055 7141
2056 1671
2057 8098
2058 5573
2059 5930
2060 1663
2061 7392
2062 4793
2063 2217
2064 5055
2065 2305
2066 7374
2067 7879
2068 899
2069 2544
2070 2930
2071 1475
2072 7559
2073 63
2074 8008
2075 3917
2076 7779
2077 4296
2078 474
2079 5878
2080 275
2081 7379
2082 1925
2083 447
2084 131
2085 7690
2086 649
2087 2771
2088 5488
2089 4189
2090 4785
2091 1726
2092 473
2093 1481
2094 1672
2095 5495
2096 5156
2097 6091
2098 2487
2099 5300
2100 5971
2101 3220
2102 5384
2103 4943
2104 5446
2105 1527
2106 1790
2107 6925
2108 6550
2109 6627
2110 108
2111 4888
2112 2343
2113 318
2114 5039
2115 767
2116 4
2117 5123
2118 2973
2119 1506
2120 1689
2121 158
2122 1521
2123 183
2124 8361
2125 7870
2126 2984
2127 3134
2128 7858
2129 4067
2130 3854
2131 6146
2132 2823
2133 2888
2134 5412
2135 2227
2136 8214
2137 3723
2138 5591
2139 1346
2140 7368
2141 3055
2142 8124
2143 1121
2144 17
2145 8055
2146 745
2147 6682
2148 3953
2149 336
2150 4913
2151 5611
2152 5813
2153 4924
2154 3078
2155 6191
2156 247
2157 1642
2158 3553
2159 6248
2160 6015
2161 5735
2162 1015
2163 8349
2164 2419
2165 7603
2166 8024
2167 3222
2168 4328
2169 5426
2170 6265
2171 4336
2172 2805
2173 7168
2174 236
2175 5139
2176 7001
2177 8555
2178 7116
2179 4887
2180 2302
2181 5469
2182 8573
2183 4172
2184 2555
2185 2366
2186 771
2187 1654
2188 4337
2189 3304
2190 3618
2191 3309
2192 5862
2193 5855
2194 6222
2195 8097
2196 563
2197 2617
2198 6860
2199 3059
2200 5541
2201 90
2202 8355
2203 1039
2204 5329
2205 2225
2206 4684
2207 2995
2208 3454
2209 6606
2210 3345
2211 413
2212 4620
2213 5182
2214 310
2215 1773
2216 5857
2217 3420
2218 7443
2219 2018
2220 5712
2221 3851
2222 3868
2223 7722
2224 5371
2225 6781
2226 7237
2227 5589
2228 7893
2229 500
2230 7881
2231 607
2232 4060
2233 535
2234 148
2235 1588
2236 5902
2237 6040
2238 2204
2239 8229
2240 6983
2241 8114
2242 7497
2243 458
2244 5882
2245 2269
2246 1715
2247 3605
2248 3431
2249 1137
2250 6421
2251 1752
2252 8044
2253 3171
2254 303
2255 4239
2256 6086
2257 7648
2258 6922
2259 3405
2260 7827
2261 5349
2262 7986
2263 3682
2264 4923
2265 4126
2266 7511
2267 7310
2268 6849
2269 4323
2270 4530
2271 6521
2272 6852
2273 6706
2274 2467
2275 1171
2276 6738
2277 6457
2278 8378
2279 4235
2280 4694
2281 6721
2282 1394
2283 5557
2284 8412
2285 5267
2286 5468
2287 763
2288 7998
2289 5210
2290 2480
2291 3466
2292 3879
2293 4814
2294 6100
2295 6726
2296 8074
2297 4956
2298 7978
2299 1852
2300 3092
2301 288
2302 4269
2303 4175
2304 6063
2305 1706
2306 370
2307 8033
2308 1708
2309 2235
2310 855
2311 3253
2312 1769
2313 2223
2314 852
2315 6374
2316 550
2317 8195
2318 75
2319 2268
2320 7944
2321 3564
2322 6443
2323 8358
2324 2633
2325 1544
2326 8197
2327 1294
2328 849
2329 5530
2330 6653
2331 1126
2332 5024
2333 3213
2334 645
2335 5922
2336 4088
2337 3982
2338 5991
2339 2049
2340 2952
2341 5481
2342 4487
2343 5843
2344 859
2345 2853
2346 115
2347 516
2348 7833
2349 1749
2350 7198
2351 5738
2352 8537
2353 5900
2354 5213
2355 4273
2356 4468
2357 1808
2358 1985
2359 932
2360 2000
2361 5390
2362 4024
2363 2042
2364 5124
2365 1613
2366 4484
2367 2259
2368 1801
2369 3377
2370 2525
2371 6791
2372 4194
2373 7474
2374 4144
2375 5762
2376 7348
2377 1086
2378 2559
2379 4247
2380 6024
2381 1458
2382 5171
2383 380
2384 3205
2385 7658
2386 1156
2387 1515
2388 4503
2389 5102
2390 7904
2391 94
2392 6841
2393 3944
2394 5177
2395 2383
2396 1941
2397 6051
2398 5271
2399 3844
2400 5995
2401 4427
2402 4228
2403 5622
2404 2387
2405 7006
2406 1259
2407 564
2408 1739
2409 8441
2410 417
2411 2580
2412 3893
2413 1166
2414 1802
2415 4753
2416 5209
2417 7384
2418 36
2419 736
2420 4233
2421 2893
2422 6102
2423 956
2424 5801
2425 2316
2426 4147
2427 7760
2428 3877
2429 4886
2430 8183
2431 3702
2432 6856
2433 931
2434 4745
2435 1999
2436 7773
2437 2436
2438 3975
2439 3958
2440 8558
2441 6380
2442 5853
2443 6554
2444 3232
2445 8108
2446 6890
2447 6399
2448 1341
2449 4543
2450 4514
2451 7885
2452 976
2453 2139
2454 8105
2455 4464
2456 4100
2457 1304
2458 8244
2459 6786
2460 4282
2461 6608
2462 3833
2463 4774
2464 4881
2465 2531
2466 2465
2467 4159
2468 5932
2469 1600
2470 3016
2471 2162
2472 943
2473 2786
2474 5158
2475 2313
2476 5958
2477 1690
2478 6463
2479 3559
2480 8241
2481 3245
2482 6052
2483 7057
2484 8489
2485 5036
2486 1234
2487 371
2488 1555
2489 5973
2490 2092
2491 7026
2492 2561
2493 3285
2494 7982
2495 2605
2496 3180
2497 2372
2499 1164
2500 5840
2501 3313
2502 7111
2503 3148
2504 7260
2505 5824
2506 6137
2507 4511
2508 3194
2509 5280
2510 1395
2511 7157
2512 2406
2513 7428
2514 4688
2515 7429
2516 2178
2517 5850
2518 6652
2519 2161
2520 8440
2521 2753
2522 1915
2523 3649
2524 4954
2525 5131
2526 7184
2527 958
2528 6309
2529 7359
2530 1372
2531 966
2532 727
2533 6067
2534 7729
2535 6124
2536 4986
2537 2565
2538 6663
2539 8326
2540 5901
2541 3251
2542 4030
2543 1233
2544 8248
2545 7568
2546 5048
2547 7665
2548 8221
2549 2179
2550 3463
2551 4302
2552 520
2553 4773
2554 6821
2555 6651
2556 5660
2557 2395
2558 8404
2559 2321
2560 4435
2561 2209
2562 6026
2563 4952
2564 279
2565 4261
2566 2066
2567 5028
2568 1062
2569 6387
2570 6397
2571 8299
2572 3492
2573 617
2574 3154
2575 3339
2576 1026
2577 7812
2578 6327
2579 6096
2580 5775
2581 2845
2582 5600
2583 4981
2584 3158
2585 6006
2586 7647
2587 8076
2588 1108
2589 1913
2590 4331
2591 5871
2592 2693
2593 1043
2594 5081
2595 2532
2596 5544
2597 7333
2598 6226
2599 6750
2600 4608
2601 1092
2602 4576
2603 4234
2604 2265
2605 8132
2606 2790
2607 4225
2608 7720
2609 3417
2610 531
2611 4028
2612 2133
2613 1688
2614 6962
2615 8192
2616 1478
2617 608
2618 3029
2619 1263
2620 7036
2621 1611
2622 4052
2623 6467
2624 525
2625 5985
2626 2458
2627 8576
2628 4891
2629 4093
2630 2144
2631 8446
2632 4154
2633 685
2634 4935
2635 2970
2636 3591
2637 7467
2638 377
2639 2523
2640 4206
2641 6057
2642 5278
2643 7702
2644 2554
2645 6293
2646 2301
2647 5127
2648 8078
2649 2929
2650 8269
2651 1093
2652 2432
2653 7267
2654 7102
2655 6649
2656 1872
2657 7932
2658 3812
2659 6464
2660 2611
2661 5115
2662 4321
2663 6594
2664 6974
2665 7498
2666 2754
2667 6351
2668 5899
2669 5795
2670 875
2671 1610
2672 372
2673 6261
2674 5318
2675 6621
2676 1287
2677 7475
2678 743
2679 4113
2680 570
2681 3887
2682 7426
2683 6407
2684 3082
2685 1325
2686 3360
2687 4309
2688 7382
2689 8251
2690 902
2691 4556
2692 248
2693 2792
2694 8099
2695 6425
2696 5943
2697 6801
2698 3976
2699 5723
2700 6185
2701 308
2702 3444
2703 860
2704 7029
2705 3136
2706 4807
2707 5372
2708 2449
2709 3691
2710 558
2711 1546
2712 487
2713 4897
2714 4084
2715 1977
2716 257
2717 1523
2718 8084
2719 1994
2720 4992
2721 4494
2722 3529
2723 5964
2724 8346
2725 6238
2726 5192
2727 5163
2728 8191
2729 360
2730 2545
2731 760
2732 1662
2733 8223
2734 1489
2735 4150
2736 1312
2737 7960
2738 89
2739 6363
2740 235
2741 1054
2742 6765
2743 6681
2744 6755
2745 4690
2746 4692
2747 5518
2748 2527
2749 4780
2750 1602
2751 5282
2752 7243
2753 3482
2754 2054
2755 3884
2756 5761
2757 2416
2758 5317
2759 5664
2760 5357
2761 7750
2762 8428
2763 2988
2764 8309
2765 3869
2766 5774
2767 6060
2768 2438
2769 6212
2770 4583
2771 5756
2772 5061
2773 3942
2774 7574
2775 2833
2776 3488
2777 3004
2778 1373
2779 6079
2780 1905
2781 7396
2782 4724
2783 4080
2784 2175
2785 4971
2786 6576
2787 3971
2788 1630
2789 4666
2790 3305
2791 2132
2792 5858
2793 5931
2794 7817
2795 3993
2796 4601
2797 4327
2798 3524
2799 8548
2800 3847
2801 3746
2802 7215
2803 329
2804 4833
2805 5602
2806 4304
2807 579
2808 4285
2809 2760
2810 3795
2811 3243
2812 1060
2813 483
2814 2867
2815 977
2816 4078
2817 7607
2818 3871
2819 2982
2820 8150
2821 2249
2822 2130
2823 6216
2824 4456
2825 7366
2826 6112
2827 3002
2828 8188
2829 2108
2830 7024
2831 2630
2832 5085
2833 3298
2834 6452
2835 1545
2836 3233
2837 5184
2838 6762
2839 8465
2840 7775
2841 7203
2842 884
2843 252
2844 5433
2845 6876
2846 6707
2847 1035
2848 3364
2849 1069
2850 4842
2851 3629
2852 3150
2853 7804
2854 1485
2855 1389
2856 1931
2857 2627
2858 1518
2859 3655
2860 5175
2861 8524
2862 1578
2863 6135
2864 461
2865 5907
2866 965
2867 6481
2868 1368
2869 3372
2871 952
2872 4334
2873 7137
2874 6231
2875 2509
2876 2652
2877 3504
2878 1920
2879 714
2880 7860
2881 7491
2882 5229
2883 4343
2884 5185
2885 4839
2886 3981
2887 2917
2888 6228
2889 3752
2890 838
2891 2243
2892 2905
2893 5605
2894 2082
2895 3857
2896 6586
2897 2058
2898 3085
2899 1224
2900 1055
2901 395
2902 5908
2903 7297
2904 784
2905 1596
2906 8123
2907 1313
2908 7434
2909 7280
2910 1516
2911 4995
2912 6810
2913 6790
2914 4061
2915 6540
2916 1211
2917 5053
2918 4744
2919 5528
2920 2788
2921 6695
2922 8003
2923 8500
2924 2221
2925 2613
2926 630
2927 1276
2928 1220
2929 1584
2930 6853
2931 7347
2932 311
2933 2262
2934 3926
2935 5912
2936 5696
2937 6693
2938 6752
2939 6785
2940 4504
2941 5869
2942 3294
2943 5058
2944 7220
2945 3831
2946 6264
2947 4274
2948 3418
2949 6587
2950 2251
2951 2150
2952 4421
2953 3552
2954 4287
2955 4730
2956 2976
2957 7890
2958 7055
2959 8158
2960 8199
2961 3927
2962 5436
2963 7158
2964 5604
2965 8015
2966 2192
2967 7177
2968 5893
2969 2349
2970 4382
2971 6944
2972 4369
2973 5092
2974 2283
2975 2421
2976 5197
2977 6772
2978 4333
2979 4591
2980 4592
2981 1477
2982 2858
2983 3455
2984 895
2985 5881
2986 723
2987 6044
2988 6002
2989 4485
2990 5003
2991 2746
2992 8323
2993 3462
2994 3875
2995 2437
2996 7967
2997 7319
2998 8543
2999 139
3000 7710
3001 1503
3002 6565
3003 4469
3004 8545
3005 6520
3006 5951
3007 2507
3008 4968
3009 292
3010 2381
3011 6042
3012 2985
3013 3672
3014 1952
3015 2636
3016 6187
3017 8373
3018 6325
3019 4710
3020 4531
3021 4647
3022 7938
3023 2495
3024 7590
3025 6283
3026 5648
3027 8111
3028 1046
3029 628
3030 915
3031 2060
3032 5038
3033 7341
3034 6902
3035 3200
3036 4560
3037 7176
3038 3935
3039 3660
3040 5235
3041 5746
3042 3487
3043 1717
3044 424
3045 3402
3046 5217
3047 7902
3048 6297
3049 4037
3050 1618
3051 7397
3052 2890
3053 4823
3054 7614
3055 9
3056 3674
3057 4917
3058 4588
3059 6041
3060 2110
3061 2974
3062 3027
3063 6756
3064 8022
3065 379
3066 1122
3067 1737
3068 5595
3069 3684
3070 3658
3071 7687
3072 4068
3073 3501
3074 1181
3075 1889
3076 2322
3077 3140
3078 594
3079 5739
3080 3319
3081 2640
3082 8337
3083 6806
3084 7196
3085 8104
3086 3749
3087 5753
3088 2840
3089 1628
3090 7335
3091 4537
3092 4148
3093 4653
3094 1911
3095 3096
3096 5996
3097 5193
3098 5644
3099 1091
3100 1849
3101 3048
3102 1528
3103 2631
3104 1798
3105 6808
3106 4614
3107 5459
3108 8186
3109 5067
3110 5007
3111 4657
3112 2794
3113 5410
3114 1917
3115 2607
3116 4449
3117 80
3118 2111
3119 710
3120 4740
3121 5101
3122 8417
3123 3846
3124 8048
3125 7244
3126 2506
3127 5835
3128 312
3129 6472
3130 1006
3131 1958
3132 3438
3133 3450
3134 50
3135 441
3136 6959
3137 6247
3138 6195
3139 4138
3140 8088
3141 3539
3142 8351
3143 4658
3144 5180
3145 3671
3146 1028
3147 8262
3148 1160
3149 1776
3150 8406
3151 1539
3152 6831
3153 4211
3154 3000
3155 1424
3156 683
3157 3040
3158 6442
3159 2862
3160 6624
3161 4107
3162 477
3163 6294
3164 7408
3165 7021
3166 6857
3167 5023
3168 3050
3169 4015
3170 1180
3171 8331
3172 2863
3173 59
3174 3187
3175 7652
3176 826
3177 5603
3178 321
3179 4927
3180 3250
3181 19
3182 2994
3183 5631
3184 7146
3185 2023
3186 6136
3187 2138
3188 7164
3189 347
3190 5686
3191 5994
3192 2752
3193 2918
3194 232
3195 2761
3196 4752
3197 1123
3198 4712
3199 8485
3200 410
3201 2541
3202 7884
3203 6193
3204 7005
3205 5244
3206 6422
3207 6299
3208 5425
3209 4816
3210 5887
3211 2983
3212 7316
3213 3293
3214 5760
3215 1743
3216 8518
3217 5641
3218 6141
3219 8516
3220 5050
3221 1140
3222 240
3223 4224
3224 1559
3225 6395
3226 7994
3227 1845
3228 7636
3229 5004
3230 214
3231 930
3232 2768
3233 7554
3234 8181
3235 7756
3236 5806
3237 5521
3238 2248
3239 2400
3240 7097
3241 6398
3242 2732
3243 1564
3244 2708
3245 1751
3246 406
3247 5620
3248 4512
3249 202
3250 8339
3251 6276
3252 3291
3253 2287
3254 3628
3255 1607
3256 7074
3257 4360
3258 5741
3259 5577
3260 940
3261 6677
3262 4861
3263 2319
3264 6113
3265 1885
3266 4532
3267 6360
3268 2398
3269 2234
3270 3772
3271 491
3272 2417
3273 517
3274 8397
3275 3133
3276 7585
3277 6760
3278 8395
3279 2603
3280 5817
3281 2473
3282 2962
3283 8474
3284 7437
3285 2482
3286 879
3287 4488
3288 5709
3289 7165
3290 2998
3291 7886
3292 2019
3293 7955
3294 1828
3295 6657
3296 478
3297 8398
3298 676
3299 6289
3300 5472
3301 7185
3302 2665
3303 3330
3304 2481
3305 8246
3306 1302
3307 1945
3308 225
3309 5141
3310 3572
3311 6223
3312 6522
3313 7496
3314 4424
3315 6867
3316 5411
3317 3376
3318 4222
3319 4133
3320 3566
3321 2414
3322 7446
3323 1658
3324 1011
3325 4496
3326 5022
3327 3286
3328 6218
3329 6670
3330 6493
3331 6372
3332 8427
3333 4385
3334 6258
3335 306
3336 1678
3337 6181
3338 8313
3339 2635
3340 102
3341 1053
3342 2464
3343 5998
3344 7830
3345 3106
3346 6037
3347 2622
3348 4204
3349 7958
3350 6759
3351 3569
3352 7676
3353 2425
3354 7741
3355 7723
3356 6093
3357 5885
3358 5669
3359 7954
3360 711
3361 4238
3362 6260
3363 5727
3364 6566
3365 589
3366 7469
3367 1652
3368 3448
3369 7356
3370 1000
3371 4525
3372 3104
3373 3374
3374 5292
3375 7193
3376 3849
3377 2397
3378 8106
3379 1362
3380 3974
3381 5033
3382 3266
3383 6597
3384 5142
3385 112
3386 2185
3387 540
3388 1605
3389 4873
3390 3789
3392 2125
3393 7617
3394 404
3395 4371
3396 5606
3397 4153
3398 38
3399 4623
3400 1716
3401 1879
3402 1024
3403 3416
3404 3361
3405 3526
3406 7274
3407 2697
3408 2576
3409 6894
3410 4145
3411 4717
3412 6929
3413 2638
3414 1839
3415 3733
3416 5482
3417 2873
3418 166
3419 3391
3420 8236
3421 1431
3422 7505
3423 2556
3424 7842
3425 857
3426 8140
3427 8175
3428 700
3429 3327
3430 708
3431 4446
3432 7868
3433 8554
3434 3771
3435 6036
3436 4417
3437 3925
3438 3624
3439 800
3440 5523
3441 3208
3442 7813
3443 7576
3444 1734
3445 2904
3446 3381
3447 7150
3448 4123
3449 1805
3450 2757
3451 2311
3452 2659
3453 5766
3454 7013
3455 2420
3456 1563
3457 7331
3458 7654
3459 374
3460 6551
3461 5049
3462 865
3463 2773
3464 2953
3465 2520
3466 2810
3467 5082
3468 6282
3469 7308
3470 3617
3471 5563
3472 8510
3473 5777
3474 1089
3475 1895
3476 7796
3477 2558
3478 5575
3479 6476
3480 1142
3481 8333
3482 1134
3483 6908
3484 8456
3485 7068
3486 346
3487 7725
3488 1310
3489 3578
3490 1378
3491 8260
3492 3014
3493 2625
3494 1921
3495 5365
3496 2981
3497 4426
3498 4500
3499 4664
3500 7209
3501 3807
3502 6123
3503 4630
3504 4510
3505 2762
3506 2444
3507 2923
3508 276
3509 6230
3510 3451
3511 1651
3512 8575
3513 2739
3514 6506
3515 3049
3516 4164
3517 2453
3518 327
3519 3190
3520 2346
3521 462
3522 7853
3523 3782
3524 8144
3525 2824
3526 6742
3527 4467
3528 141
3529 6757
3530 2084
3531 4395
3532 6034
3533 945
3534 3962
3535 7599
3536 3100
3537 3366
3538 2189
3539 169
3540 5650
3541 605
3542 3675
3543 6133
3544 8271
3545 7229
3546 1463
3547 1249
3548 8420
3549 1869
3550 8164
3551 6445
3552 7815
3553 2091
3554 2781
3555 126
3556 6532
3557 4370
3558 3385
3559 4295
3560 203
3561 4584
3562 6047
3563 5270
3564 3019
3565 4618
3566 989
3567 1636
3568 7093
3569 3483
3570 8266
3571 2447
3572 793
3573 1316
3574 7985
3575 6053
3576 562
3577 5496
3578 4397
3579 3041
3580 3209
3581 4555
3582 774
3583 7390
3584 670
3585 2141
3586 6795
3587 3415
3588 6572
3589 1577
3590 7983
3591 5506
3592 5112
3593 3273
3594 188
3595 147
3596 3596
3597 1537
3598 7002
3599 7643
3600 3798
3601 425
3602 5533
3603 8387
3604 1859
3605 4594
3606 7925
3607 632
3608 5147
3609 6718
3610 6441
3611 2095
3612 4178
3613 5397
3614 83
3615 4310
3616 4750
3617 6971
3618 7866
3619 6511
3620 1907
3621 7935
3622 1012
3623 7038
3624 8263
3625 4027
3626 8010
3627 3522
3628 4045
3629 309
3630 373
3631 5225
3632 5867
3633 1187
3634 983
3635 3589
3636 3709
3637 7182
3638 4229
3639 4412
3640 7855
3641 8187
3642 3409
3643 6420
3644 7230
3645 6830
3646 345
3647 61
3648 6603
3649 2041
3650 1936
3651 5974
3652 5941
3653 6329
3654 3098
3655 5246
3656 798
3657 7916
3658 1624
3659 6865
3660 5346
3661 8329
3662 7409
3663 3032
3664 4518
3665 8530
3666 5145
3667 1240
3668 6746
3669 6622
3670 5370
3671 1455
3672 4049
3673 5414
3674 402
3675 7584
3676 3053
3677 7597
3678 6820
3679 1987
3680 5947
3681 5975
3682 8279
3683 4748
3684 4756
3685 4689
3686 8448
3687 2668
3688 5403
3689 2575
3690 1510
3691 6897
3692 7800
3693 3346
3694 4329
3695 8350
3696 7386
3697 1428
3698 2685
3699 6381
3700 7972
3701 5726
3702 6177
3703 1594
3704 3334
3705 6483
3706 76
3707 2388
3708 2371
3709 5838
3710 5944
3711 6486
3712 7732
3713 5847
3714 3282
3715 7035
3716 5030
3717 8334
3718 7995
3719 5653
3720 1296
3721 7583
3722 2250
3723 7802
3724 3815
3725 3535
3726 3516
3727 1360
3728 4347
3729 1244
3730 831
3731 1044
3732 1633
3733 8379
3734 1586
3735 7670
3736 3742
3737 354
3738 8317
3739 1709
3740 5814
3741 1837
3742 8270
3743 3163
3744 5337
3745 3422
3746 1675
3747 5389
3748 6312
3749 3634
3750 6089
3751 2072
3752 6736
3753 4460
3754 3183
3755 7759
3756 2031
3757 6281
3758 7742
3759 4055
3760 8294
3761 6155
3762 675
3763 1894
3764 3125
3765 919
3766 6107
3767 1411
3768 1517
3769 3
3770 7400
3771 3921
3772 1323
3773 3310
3774 1736
3775 43
3776 2124
3777 1919
3778 6161
3779 6696
3780 1095
3781 1968
3782 4493
3783 737
3784 2050
3785 1710
3786 8101
3787 7293
3788 5144
3789 3751
3790 4112
3791 4894
3792 8049
3793 2822
3794 7770
3795 5710
3796 3186
3797 7510
3798 7660
3799 2289
3800 3244
3801 2615
3802 6339
3803 4758
3804 7540
3805 8250
3806 8090
3807 6288
3808 4486
3809 1929
3811 3534
3812 7187
3813 6641
3814 3711
3815 4701
3816 6985
3817 4799
3818 4765
3819 5457
3820 299
3821 1400
3822 1179
3823 2649
3824 3399
3825 2086
3826 6602
3827 2075
3828 5897
3829 4384
3830 3320
3831 6774
3832 2183
3833 4990
3834 7125
3835 749
3836 1778
3837 2872
3838 3459
3839 2375
3840 3651
3841 5097
3842 5011
3843 2686
3844 1129
3845 1665
3846 5098
3847 3331
3848 6256
3849 3390
3850 8289
3851 3770
3852 7192
3853 1680
3854 335
3855 6815
3856 3131
3857 4977
3858 2670
3859 5463
3860 5309
3861 6889
3862 357
3863 1408
3864 7629
3865 3247
3866 6689
3867 6981
3868 8039
3869 1634
3870 261
3871 2263
3872 4265
3873 7616
3874 2701
3875 7144
3876 3268
3877 343
3878 7667
3879 3414
3880 4904
3881 664
3882 263
3883 4743
3884 7565
3885 5716
3886 5234
3887 6287
3888 2292
3889 8146
3890 7524
3891 3985
3892 5083
3893 635
3894 2572
3895 3664
3896 1887
3897 4586
3898 7494
3899 1004
3900 1502
3901 3866
3902 6807
3903 7684
3904 5303
3905 3116
3906 5312
3907 2055
3908 6932
3909 7378
3910 574
3911 401
3912 6751
3913 5260
3914 428
3915 851
3916 7663
3917 3834
3918 2376
3919 6614
3920 6724
3921 2957
3922 2504
3923 1352
3924 390
3925 1855
3926 2256
3927 1593
3928 7705
3929 4528
3930 5299
3931 1476
3932 5095
3933 5441
3934 6487
3935 1759
3936 5226
3937 6263
3938 8564
3939 5160
3940 1787
3941 7438
3942 593
3943 3615
3944 1626
3945 7928
3946 1811
3947 7402
3948 3823
3949 2660
3950 5782
3951 3083
3952 2240
3953 107
3954 8086
3955 1705
3956 2176
3957 8513
3958 8210
3959 515
3960 938
3961 537
3962 3458
3963 3302
3964 3903
3965 4947
3966 3793
3967 3279
3968 5276
3969 612
3970 768
3971 289
3972 6250
3973 4794
3974 5794
3975 2641
3976 5767
3977 8517
3978 2758
3979 7528
3980 4403
3981 4641
3982 8228
3983 3413
3984 3801
3985 5542
3986 199
3987 234
3988 2675
3989 1262
3990 6633
3991 6235
3992 1471
3993 103
3994 6609
3995 5359
3996 4568
3997 7084
3998 4771
3999 1695
4000 5075
4001 4495
4002 2297
4003 8273
4005 3928
4006 4252
4007 3995
4008 4509
4009 2724
4010 6525
4011 8077
4012 4928
4013 1042
4014 2936
4015 1669
4016 8336
4017 1446
4018 2370
4019 7208
4020 561
4021 7299
4022 6436
4023 3230
4024 4932
4025 4626
4026 320
4027 695
4028 6823
4029 8063
4030 1105
4031 5702
4032 7362
4033 7398
4034 6048
4035 7056
4036 7432
4037 885
4038 157
4039 2030
4040 527
4041 2913
4042 2608
4043 8330
4044 3808
4045 1479
4046 2216
4047 1009
4048 7653
4049 5236
4050 5191
4051 1684
4052 6811
4053 7634
4054 661
4055 559
4056 3797
4057 1470
4058 4106
4059 4083
4060 7539
4061 1847
4062 2496
4063 2623
4064 2567
4065 5070
4066 4335
4067 3690
4068 652
4069 4253
4070 3836
4071 2816
4072 4375
4073 6314
4074 110
4075 702
4076 6085
4077 1899
4078 4501
4079 4073
4080 1065
4081 4405
4082 583
4083 4546
4084 2153
4085 1196
4086 7865
4087 7367
4088 7786
4089 8314
4090 5006
4091 1188
4092 1143
4093 7546
4094 3447
4095 1878
4096 4942
4097 4759
4098 4491
4099 3855
4100 3654
4101 8068
4102 6809
4103 429
4104 2948
4105 5651
4106 8389
4107 2215
4108 7493
4109 2780
4110 3931
4111 1219
4112 2692
4113 7160
4114 4596
4115 2394
4116 7823
4117 1380
4118 688
4119 3753
4120 5747
4121 5015
4122 4054
4123 1687
4124 1867
4125 4604
4126 2711
4127 3284
4128 1199
4129 8178
4130 7747
4131 7136
4133 4871
4134 414
4135 8484
4136 6771
4137 5164
4138 423
4139 6699
4140 452
4141 2401
4142 3168
4143 2870
4144 2391
4145 1770
4146 2899
4147 6515
4148 324
4149 7644
4150 6320
4151 6989
4152 281
4153 4607
4154 3323
4155 5546
4156 533
4157 2369
4158 1185
4159 1200
4160 7354
4161 1813
4162 7063
4163 7101
4164 7700
4165 2932
4166 5725
4167 4297
4168 4898
4169 5042
4170 6783
4171 8240
4172 1079
4173 5616
4174 2946
4175 5826
4176 6883
4177 1814
4178 1074
4179 3419
4180 901
4181 2748
4182 866
4183 1482
4184 4459
4185 7326
4186 5872
4187 4572
4188 3936
4189 3736
4190 3920
4191 2689
4192 7716
4193 287
4194 1819
4195 7797
4197 4578
4198 1804
4199 1978
4200 3325
4201 5678
4202 4490
4203 2461
4204 7593
4205 703
4206 731
4207 439
4208 3446
4209 3491
4210 2166
4211 5464
4212 995
4213 7977
4214 4812
4215 6130
4216 7381
4217 2807
4218 3532
4219 2851
4220 5364
4221 6848
4222 130
4223 1057
4224 6562
4225 4122
4226 2986
4227 2599
4228 631
4229 6176
4230 7946
4231 2181
4232 5073
4233 5785
4234 5962
4235 7365
4236 4294
4237 3687
4238 3216
4239 3095
4240 6872
4241 900
4242 7737
4243 243
4244 1943
4245 304
4246 8469
4247 4854
4248 6735
4249 582
4250 1401
4251 1084
4252 5745
4253 4880
4254 1397
4255 366
4256 7156
4257 6658
4258 7452
4259 5218
4260 787
4261 421
4262 2328
4263 497
4264 5302
4265 6838
4266 4489
4267 7816
4268 2168
4269 6617
4270 6972
4271 5284
4272 1172
4273 6319
4274 2489
4275 7019
4276 3994
4277 5830
4278 8539
4279 3236
4280 2657
4281 2478
4282 47
4283 4355
4284 3683
4285 2680
4286 2629
4287 2288
4288 4012
4289 5392
4290 5373
4291 7980
4292 1875
4293 7627
4294 3932
4295 5808
4296 4166
4297 3207
4298 3162
4299 4885
4300 8494
4301 5183
4302 4454
4303 4590
4304 6019
4305 1032
4306 11
4307 1396
4308 6787
4309 2335
4310 543
4311 3598
4312 5572
4313 2707
4314 2628
4315 78
4316 542
4317 3165
4318 548
4319 4966
4320 592
4321 7529
4322 4902
4323 3633
4324 7015
4325 3332
4326 5928
4327 6323
4328 4749
4329 7930
4330 3778
4331 6777
4332 7591
4333 339
4334 5585
4335 3543
4336 2877
4337 3212
4338 1036
4339 1272
4340 8172
4341 37
4342 5796
4343 5759
4344 1048
4345 8047
4346 4636
4347 6946
4348 4644
4349 6362
4350 3373
4351 3863
4352 4413
4353 7641
4354 3547
4355 8139
4356 5279
4357 3623
4358 5401
4359 4716
4360 2619
4361 4850
4362 926
4363 1467
4364 6766
4365 7781
4366 5568
4367 3176
4368 8080
4369 2491
4370 4401
4371 7377
4372 5419
4373 4660
4374 4065
4375 4048
4376 8459
4377 6553
4378 8281
4379 3378
4380 5143
4381 7194
4382 5474
4383 4372
4384 4074
4385 3600
4386 5027
4387 5178
4388 5699
4389 7190
4390 1052
4391 301
4392 862
4393 4548
4394 1807
4395 2219
4396 4628
4397 1536
4398 5430
4399 1100
4400 4976
4401 3379
4402 7342
4403 6864
4404 1832
4405 4790
4406 4825
4407 2312
4408 20
4409 7682
4410 2742
4411 8535
4412 5844
4413 4964
4414 71
4415 6782
4416 7048
4417 5934
4418 4350
4419 4784
4420 992
4421 5798
4422 6580
4423 3474
4424 484
4425 2723
4426 7031
4427 4409
4428 2699
4429 6307
4430 3707
4431 5417
4432 1265
4433 5559
4434 1643
4435 2931
4436 1595
4437 210
4438 4506
4439 2879
4440 4919
4441 4858
4442 7909
4443 5072
4444 1581
4445 1151
4446 1597
4447 1554
4448 5074
4449 7749
4450 5953
4451 7615
4452 5243
4453 7517
4454 848
4455 3473
4456 4910
4457 7118
4458 6769
4459 7495
4460 1601
4461 6485
4462 5517
4463 1301
4464 2180
4465 5258
4466 6722
4467 8138
4468 2688
4469 186
4470 5743
4471 3590
4472 2131
4473 4726
4474 3626
4475 8495
4476 4940
4477 3594
4478 4050
4479 5698
4480 6583
4481 4933
4482 7242
4483 7595
4484 4063
4485 5162
4486 7849
4487 6184
4488 5914
4489 8217
4490 1538
4491 1413
4492 3308
4493 4652
4494 5634
4495 1697
4496 5340
4497 5700
4498 2916
4499 6973
4501 5976
4502 5285
4503 980
4504 6656
4505 2702
4506 1924
4507 863
4508 5109
4509 271
4510 2087
4511 5498
4512 482
4513 8285
4514 869
4515 4711
4516 2869
4517 2975
4518 5453
4519 65
4520 5535
4521 2676
4522 8131
4523 1655
4524 1562
4525 3641
4526 4903
4527 4499
4528 85
4529 6869
4530 7104
4531 2799
4532 201
4533 7135
4534 8247
4535 3174
4536 6451
4537 6152
4538 454
4539 2452
4540 2750
4541 4149
4542 3914
4543 2403
4544 4822
4545 4356
4546 2609
4547 7500
4548 985
4549 1116
4550 4140
4551 1072
4552 2385
4553 4723
4554 7681
4555 5537
4556 7328
4557 616
4558 3197
4559 815
4560 8177
4561 6676
4562 231
4563 634
4564 7061
4565 622
4566 1473
4567 8298
4568 4667
4569 2442
4570 7142
4571 719
4572 4283
4573 2455
4574 7677
4575 3732
4576 3814
4577 640
4578 7189
4579 3592
4580 3480
4581 4577
4582 1082
4583 912
4584 7575
4585 6221
4586 5128
4587 6217
4588 6361
4589 7752
4590 4599
4591 4114
4592 4441
4593 6731
4594 3698
4595 4243
4596 6796
4597 7785
4598 165
4599 861
4600 3648
4601 4386
4602 7788
4603 3885
4604 3593
4605 4076
4606 7912
4607 2889
4608 3881
4609 246
4610 3394
4611 1579
4612 764
4613 3272
4614 2157
4615 469
4616 5646
4617 1495
4618 820
4619 578
4620 3724
4621 2203
4622 678
4623 4197
4624 8120
4625 1034
4626 154
4627 4671
4628 6005
4629 1335
4630 6162
4631 1432
4632 6556
4633 4018
4634 1639
4635 5356
4636 5195
4637 2522
4638 5757
4639 4526
4640 4379
4641 4425
4642 5254
4643 6062
4644 5126
4645 2516
4646 1014
4647 408
4648 3872
4649 8488
4650 2634
4651 2365
4652 6888
4653 7041
4654 443
4655 7257
4656 946
4657 4693
4658 4876
4659 6251
4660 2076
4661 2727
4662 5388
4663 97
4664 3472
4665 7069
4666 1780
4667 4026
4668 6910
4669 2440
4670 2220
4671 2303
4672 5332
4673 5354
4674 3091
4675 1022
4676 7767
4677 291
4678 2454
4679 3710
4680 1386
4681 4013
4682 2826
4683 830
4684 1714
4685 7987
4686 7197
4687 7251
4688 2536
4689 2604
4690 5062
4691 7153
4692 8257
4693 3321
4694 4231
4695 1210
4696 7673
4697 3656
4698 7322
4699 1391
4700 5639
4701 2719
4702 5304
4703 2725
4704 5316
4705 3830
4706 3657
4707 3738
4708 4557
4709 8152
4710 6996
4711 887
4712 45
4713 5654
4714 3161
4715 7981
4716 3561
4717 5807
4718 116
4719 6668
4720 5328
4721 1182
4722 3774
4723 6497
4724 5478
4725 4275
4726 4787
4727 3080
4728 2233
4729 978
4730 2228
4731 1964
4732 1827
4733 2601
4734 1281
4735 6166
4736 7447
4737 7712
4738 8438
4739 446
4740 2735
4741 8143
4742 8436
4743 8050
4744 171
4745 7436
4746 391
4747 2011
4748 3858
4749 4678
4750 8151
4751 7563
4752 728
4753 132
4754 1192
4755 2355
4756 3716
4757 2818
4758 1937
4759 1152
4760 7811
4761 5587
4762 3478
4763 603
4764 6620
4765 8004
4766 1007
4767 1783
4768 411
4769 104
4770 3630
4771 1873
4772 8085
4773 2107
4774 2852
4775 4351
4776 5376
4777 1551
4778 4086
4779 6308
4780 4271
4781 7255
4782 6687
4783 4696
4784 8218
4785 8538
4786 3954
4787 8570
4788 8211
4789 8208
4790 33
4791 5148
4792 5057
4793 70
4794 6196
4795 8533
4796 6788
4797 1735
4798 7798
4799 5811
4800 2306
4801 3956
4802 1468
4803 2415
4804 2013
4805 7221
4806 3263
4807 3217
4808 8437
4809 1253
4810 5439
4811 7738
4812 8442
4813 7588
4814 5642
4815 5799
4816 1130
4817 2705
4818 7984
4819 8512
4820 6475
4821 4747
4822 2039
4823 5839
4824 5093
4825 998
4826 5955
4827 5116
4828 7327
4829 7966
4830 3215
4831 7435
4832 3870
4833 283
4834 7017
4835 3676
4836 1393
4837 5748
4838 1132
4839 755
4840 715
4841 8057
4842 7919
4843 5877
4844 7869
4845 7044
4846 4473
4847 6970
4848 4339
4849 2241
4850 6211
4851 4872
4852 3681
4853 7997
4854 6918
4855 7988
4856 8092
4857 4455
4858 3170
4859 7300
4860 4017
4861 1120
4862 172
4863 748
4864 3970
4865 349
4866 6560
4867 6514
4868 6877
4869 8325
4870 8557
4871 3089
4872 7188
4873 6148
4874 100
4875 159
4876 2578
4877 2745
4878 6893
4879 6660
4880 1963
4881 2120
4882 7268
4883 6370
4884 7233
4885 659
4886 3261
4887 1332
4888 7440
4889 2255
4890 7361
4891 7431
4892 4097
4893 1117
4894 3129
4895 3755
4896 3916
4897 1772
4898 6611
4899 1647
4900 5977
4901 325
4902 430
4903 2944
4904 6286
4905 95
4906 795
4907 6892
4908 1982
4909 6931
4910 7699
4911 6267
4912 2797
4913 4914
4914 2704
4915 5539
4916 1147
4917 5984
4918 4404
4919 7286
4920 1540
4921 6359
4922 6625
4923 4831
4924 8276
4925 6533
4926 3530
4927 5454
4928 5776
4929 3955
4930 4821
4931 415
4932 4845
4933 3714
4934 6839
4935 3951
4936 2847
4937 1608
4938 5018
4939 1846
4940 4540
4941 6404
4942 2174
4943 5120
4944 1667
4945 2621
4946 6954
4947 7602
4948 4288
4949 883
4950 4085
4951 1782
4952 2722
4953 5
4954 7138
4955 6385
4956 2129
4957 687
4958 3646
4959 5323
4960 5056
4961 2231
4962 3721
4963 5140
4964 8118
4965 142
4966 3819
4967 1157
4968 6318
4969 7228
4970 602
4971 105
4972 2483
4973 3406
4974 7891
4975 7357
4976 6028
4977 5875
4978 204
4979 7969
4980 5343
4981 5409
4982 5206
4983 1303
4984 295
4985 7412
4986 6990
4987 7512
4988 2274
4989 5308
4990 2895
4991 2539
4992 7999
4993 2811
4994 6661
4995 6588
4996 5009
4997 6194
4998 2298
4999 3653
5000 8252
5001 2709
5002 1392
5003 1719
5004 5241
5005 1698
5006 1922
5007 4593
5008 796
5009 8424
5010 7298
5011 7442
5012 6270
5013 7810
5014 4306
5015 5190
5016 2964
5017 7875
5018 6667
5019 3908
5020 4316
5021 6994
5022 1711
5023 2098
5024 1315
5025 280
5026 24
5027 5306
5028 7703
5029 4007
5030 8301
5031 4762
5032 681
5033 8168
5034 3571
5035 2360
5036 2498
5037 7225
5038 5176
5039 1763
5040 7391
5041 660
5042 2063
5043 3802
5044 5540
5045 691
5046 4156
5047 2682
5048 298
5049 449
5050 7689
5051 7060
5052 6116
5053 2348
5054 6955
5055 2114
5056 2585
5057 2330
5058 4800
5059 10
5060 4997
5061 2912
5062 3512
5063 315
5064 1881
5065 3433
5066 3644
5067 8343
5068 4163
5069 3365
5070 5514
5071 4865
5072 8203
5073 571
5074 4101
5075 5656
5076 8190
5077 7306
5078 5247
5079 8220
5080 326
5081 224
5082 3383
5083 4640
5084 2949
5085 7033
5086 3138
5087 3396
5088 1061
5089 7611
5090 4219
5091 3354
5092 200
5093 7905
5094 2427
5095 1070
5096 1321
5097 4298
5098 3496
5099 1988
5100 5704
5101 394
5102 5165
5103 1497
5104 3960
5105 8312
5106 27
5107 6561
5108 840
5109 145
5110 6526
5111 2377
5112 1552
5113 32
5114 2463
5115 3275
5116 437
5117 6797
5118 3545
5119 5407
5120 5582
5121 5599
5122 5224
5123 7152
5124 7531
5125 7693
5126 3554
5127 2187
5128 5428
5129 7393
5130 3267
5131 8476
5132 6494
5133 6628
5134 858
5135 5623
5136 5170
5137 8356
5138 1938
5139 1617
5140 5159
5141 3034
5142 5103
5143 6862
5144 3288
5145 6428
5146 5418
5147 4895
5148 541
5149 7349
5150 7537
5151 2834
5152 8396
5153 3300
5154 4209
5155 3794
5156 2280
5157 2854
5158 8454
5159 1784
5160 1414
5161 4639
5162 8529
5163 2658
5164 4682
5165 6114
5166 6156
5167 2943
5168 5381
5169 5088
5170 205
5171 7579
5172 2906
5173 6978
5174 1983
5175 6748
5176 6714
5177 2537
5178 2803
5179 6304
5180 5911
5181 3069
5182 3312
5183 7421
5184 3531
5185 904
5186 2881
5187 5374
5188 8527
5189 1944
5190 2508
5191 5684
5192 7675
5193 4766
5194 3568
5195 74
5196 7824
5197 3486
5198 499
5199 5551
5200 2048
5201 5438
5202 282
5203 8176
5204 5345
5205 3035
5206 3625
5207 3506
5208 7600
5209 2651
5210 3856
5211 5335
5212 1317
5213 6215
5214 8031
5215 7200
5216 1949
5217 7795
5218 3756
5219 3546
5220 1599
5221 7418
5222 2831
5223 5215
5224 7411
5225 4020
5226 2033
5227 5393
5228 5666
5229 5688
5230 4319
5231 1627
5232 1797
5233 6537
5234 135
5235 2128
5236 896
5237 669
5238 2103
5239 7859
5240 7072
5241 6822
5242 2446
5243 2568
5244 4342
5245 2410
5246 2472
5247 1308
5248 5681
5249 3890
5250 4755
5251 5970
5252 503
5253 590
5254 2081
5255 6332
5256 3783
5257 3338
5258 7330
5259 3635
5260 805
5261 7826
5262 626
5263 1529
5264 6030
5265 1656
5266 0
5267 7686
5268 5787
5269 1693
5270 4866
5271 4266
5272 7694
5273 293
5274 6035
5275 2123
5276 23
5277 1363
5278 6412
5279 4478
5280 5037
5281 3597
5282 8204
5283 3722
5284 3301
5285 5205
5286 4840
5287 8443
5288 6338
5289 7661
5290 6330
5291 3497
5292 4713
5293 2046
5294 4497
5295 1283
5296 2154
5297 4534
5298 4595
5299 3934
5300 7901
5301 3328
5302 7007
5303 8113
5304 3861
5305 1682
5306 2765
5307 6581
5308 427
5309 7882
5310 5493
5311 2088
5312 384
5313 5619
5314 8087
5315 1254
5316 3201
5317 1890
5318 2802
5319 4332
5320 185
5321 7407
5322 3449
5323 3437
5324 8499
5325 8284
5326 5898
5327 2492
5328 6911
5329 4661
5330 3775
5331 5353
5332 2327
5333 7791
5334 955
5335 4999
5336 5810
5337 3989
5338 3608
5339 7154
5340 8006
5341 801
5342 3773
5343 2793
5344 8233
5345 5549
5346 2226
5347 1542
5348 4358
5349 5560
5350 8475
5351 6678
5352 553
5353 5288
5354 803
5355 964
5356 549
5357 3009
5358 7638
5359 8072
5360 8556
5361 5274
5362 7907
5363 7854
5364 7003
5365 1333
5366 713
5367 3156
5368 1980
5369 180
5370 677
5371 4352
5372 253
5373 4322
5374 5208
5375 1549
5376 5543
5377 7394
5378 8226
5379 4151
5380 610
5381 4437
5382 5918
5383 7226
5384 6659
5385 7814
5386 2392
5387 2821
5388 2267
5389 3744
5390 3947
5391 3202
5392 8258
5393 6835
5394 1155
5395 6794
5396 6719
5397 6470
5398 1660
5399 1412
5400 1830
5401 7484
5402 8160
5403 3898
5404 6778
5405 6527
5406 7735
5407 3909
5408 7212
5409 8149
5410 4216
5411 4279
5412 5804
5413 8064
5414 2307
5415 7427
5416 2610
5417 198
5418 6128
5419 2801
5420 6266
5421 7262
5422 5266
5423 4132
5424 3537
5425 8216
5426 7604
5427 8196
5428 3276
5429 2992
5430 6274
5431 7672
5432 2261
5433 7942
5434 7477
5435 1257
5436 6866
5437 4843
5438 2690
5439 3992
5440 6619
5441 2756
5442 3393
5443 1767
5444 7337
5445 6214
5446 7485
5447 14
5448 3769
5449 4173
5450 2594
5451 4637
5452 3057
5453 1133
5454 6642
5455 6070
5456 120
5457 2785
5458 2284
5459 7832
5460 3101
5461 8034
5462 667
5463 3015
5464 3933
5465 5257
5466 5989
5467 3603
5468 665
5469 8525
5470 1535
5471 3277
5472 4181
5473 5927
5474 5968
5475 4777
5476 6334
5477 7521
5478 6277
5479 7764
5480 779
5481 8384
5482 1953
5483 1345
5484 8001
5485 8230
5486 1115
5487 4523
5488 215
5489 6592
5490 438
5491 255
5492 2362
5493 8122
5494 7129
5495 3786
5496 2025
5497 6253
5498 2849
5499 73
5500 997
5501 5554
5502 2967
5503 4187
5504 4448
5505 1512
5506 1498
5507 7962
5508 4444
5509 6369
5510 6881
5511 4855
5512 7078
5513 813
5514 1547
5515 2779
5516 4365
5517 1183
5518 1236
5519 4882
5520 1638
5521 1298
5522 8553
5523 5980
5524 704
5525 7269
5526 732
5527 6513
5528 6912
5529 6117
5530 7248
5531 6411
5532 1154
5533 6739
5534 4109
5535 2143
5536 1712
5537 4643
5538 444
5539 7
5540 6064
5541 1587
5542 3110
5543 7490
5544 927
5545 4311
5546 3692
5547 4852
5548 2848
5549 6579
5550 6172
5551 4118
5552 8342
5553 4805
5554 5834
5555 2099
5556 6209
5557 5398
5558 4051
5559 5737
5560 1657
5561 6701
5562 4057
5563 3645
5564 6885
5565 3063
5566 585
5567 4440
5568 1851
5569 5689
5570 845
5571 6747
5572 6224
5573 1862
5574 4472
5575 3940
5576 5424
5577 5201
5578 5320
5579 7545
5580 4899
5581 3983
5582 6262
5583 8508
5584 6847
5585 7950
5586 8311
5587 8060
5588 445
5589 8327
5590 3219
5591 3957
5592 1755
5593 5713
5594 193
5595 8154
5596 6969
5597 6948
5598 3210
5599 3421
5600 8345
5601 4606
5602 7939
5603 2542
5604 2059
5605 8130
5606 922
5607 1221
5608 2503
5609 7818
5610 8278
5611 5565
5612 3460
5613 6174
5614 5220
5615 524
5616 1260
5617 5273
5618 7608
5619 5820
5620 1548
5621 2927
5622 4931
5623 7635
5624 5513
5625 8391
5626 3892
5627 2173
5628 4244
5629 4439
5630 7655
5631 5391
5632 4654
5633 7776
5634 2064
5635 2028
5636 8464
5637 6246
5638 1293
5639 4136
5640 2151
5641 3259
5642 3348
5643 1225
5644 3371
5645 3842
5646 2782
5647 3837
5648 1418
5649 2078
5650 7099
5651 4099
5652 812
5653 4779
5654 8224
5655 6998
5656 2254
5657 844
5658 5395
5659 7023
5660 212
5661 2378
5662 1327
5663 2238
5664 2032
5665 6101
5666 7466
5667 7239
5668 3891
5669 7646
5670 456
5671 8212
5672 1148
5673 6438
5674 4105
5675 6171
5676 8490
5677 2015
5678 5661
5679 512
5680 3930
5681 40
5682 986
5683 8523
5684 7321
5685 4127
5686 5408
5687 663
5688 2490
5689 747
5690 6964
5691 328
5692 152
5693 4022
5694 991
5695 1733
5696 3177
5697 4307
5698 5405
5699 7004
5700 5950
5701 1959
5702 7850
5703 918
5704 1566
5705 334
5706 5046
5707 1722
5708 5253
5709 5261
5710 1756
5711 643
5712 2080
5713 6828
5714 233
5715 4983
5716 383
5717 1146
5718 7345
5719 897
5720 5207
5721 7778
5722 1398
5723 566
5724 6468
5725 4227
5726 6403
5727 7109
5728 8318
5729 1916
5730 3551
5731 8340
5732 5758
5733 1388
5734 7289
5735 6632
5736 1290
5737 1306
5738 3432
5739 4575
5740 2358
5741 1653
5742 367
5743 5846
5744 4544
5745 3907
5746 2077
5747 4021
5748 4638
5749 5484
5750 12
5751 4359
5752 8328
5753 1261
5754 2423
5755 618
5756 2051
5757 6059
5758 6004
5759 2167
5760 7453
5761 4124
5762 4185
5763 5938
5764 2344
5765 361
5766 2195
5767 2244
5768 4006
5769 1874
5770 5640
5771 2618
5772 6021
5773 8414
5774 892
5775 34
5776 554
5777 1644
5778 8156
5779 7170
5780 5104
5781 7320
5782 4791
5783 3986
5784 6504
5785 7530
5786 4573
5787 8016
5788 4430
5789 300
5790 7107
5791 1504
5792 3650
5793 2839
5794 1138
5795 3407
5796 4179
5797 2258
5798 7350
5799 4564
5800 6175
5801 8112
5802 3128
5803 1264
5804 6280
5805 3368
5806 4612
5807 1430
5808 3054
5809 5432
5810 1721
5811 754
5812 2529
5813 1668
5814 6469
5815 8413
5816 2588
5817 22
5818 6291
5819 4706
5820 3688
5821 7180
5822 7227
5823 6350
5824 2733
5825 5636
5826 4987
5827 6855
5828 4944
5829 5586
5830 6118
5831 4963
5832 277
5833 2521
5834 3800
5835 1637
5836 2379
5837 3062
5838 8
5839 6190
5840 1550
5841 3088
5842 712
5843 1445
5844 31
5845 8147
5846 937
5847 6800
5848 2070
5849 7541
5850 7276
5851 4436
5852 2663
5853 6491
5854 7887
5855 623
5856 431
5857 3315
5858 4949
5859 1077
5860 213
5861 4463
5862 7838
5863 1620
5864 4312
5865 2878
5866 3911
5867 975
5868 5894
5869 2290
5870 5014
5871 5959
5872 4978
5873 6355
5874 2844
5875 6471
5876 3888
5877 4095
5878 2800
5879 351
5880 5313
5881 718
5882 2770
5883 8231
5884 6043
5885 694
5886 2511
5887 7549
5888 4043
5889 4260
5890 6354
5891 6716
5892 7562
5893 6456
5894 6389
5895 7805
5896 7302
5897 1295
5898 981
5899 3192
5900 3977
5901 6605
5902 2806
5903 409
5904 3126
5905 3689
5906 1017
5907 4402
5908 4082
5909 5511
5910 4669
5911 2093
5912 3384
5913 6805
5914 264
5915 8235
5916 3991
5917 8344
5918 3189
5919 2272
5920 939
5921 270
5922 8307
5923 5422
5924 1956
5925 3874
5926 5174
5927 4116
5928 5564
5929 4727
5930 1258
5931 1996
5932 3647
5933 5861
5934 8449
5935 4031
5936 3155
5937 3631
5938 3616
5939 96
5940 3386
5941 5458
5942 8568
5943 4029
5944 8267
5945 3045
5946 7577
5947 3484
5948 538
5949 3362
5950 658
5951 725
5952 6058
5953 959
5954 1404
5955 1795
5956 7066
5957 5924
5958 624
5959 1786
5960 4210
5962 3401
5963 8308
5964 6615
5965 5711
5966 4338
5967 4656
5968 6832
5969 7898
5970 6510
5971 7172
5972 2247
5973 4223
5974 117
5975 179
5976 6394
5977 789
5978 3735
5979 2997
5980 7186
5981 4962
5982 1619
5983 734
5984 3560
5985 2068
5986 7934
5987 1904
5988 1691
5989 6088
5990 2499
5991 2582
5992 6764
5994 3510
5995 3678
5996 6126
5997 790
5998 3987
5999 1641
6000 5992
6001 1139
6002 7388
6003 6705
6004 3699
6005 1766
6006 3349
6007 4562
6008 3894
6009 1159
6010 3485
6011 2749
6012 2264
6013 4305
6014 7050
6015 2683
6016 149
6017 6268
6018 709
6019 342
6020 8249
6021 3061
6022 5768
6023 6183
6024 872
6025 1829
6026 1288
6027 6710
6028 5916
6029 7008
6030 5800
6031 1170
6032 7993
6033 5717
6034 2149
6035 4615
6036 825
6037 5821
6038 8472
6039 692
6040 352
6041 7618
6042 2632
6043 6936
6044 5805
6045 5818
6046 1609
6047 3164
6048 4502
6049 3025
6050 91
6051 1891
6052 4451
6053 7000
6054 3353
6055 2334
6056 7913
6057 481
6058 3196
6059 3121
6060 8121
6061 5576
6062 7610
6063 606
6064 761
6065 8028
6066 3314
6067 556
6068 258
6069 871
6070 877
6071 2677
6072 6375
6073 1567
6074 8374
6075 4477
6076 3142
6077 5831
6078 4161
6079 3442
6080 7303
6081 651
6082 7323
6083 627
6084 1076
6085 1993
6086 5597
6087 1903
6088 8390
6089 3007
6090 4200
6091 3969
6092 3254
6093 1997
6094 7821
6095 4098
6096 3574
6097 4522
6098 5837
6099 4970
6100 7275
6101 4915
6102 2100
6103 2218
6104 2474
6105 3810
6106 4786
6107 121
6108 7535
6109 4725
6110 4070
6111 6637
6112 7373
6113 6068
6114 4325
6115 1880
6116 2731
6117 7166
6118 3973
6119 4989
6120 7777
6121 3135
6122 1434
6123 4263
6124 1270
6125 5612
6126 7642
6127 1355
6128 138
6129 1342
6130 2212
6131 1330
6132 6132
6133 5552
6134 1465
6135 5310
6136 498
6137 6169
6138 721
6139 5137
6140 6365
6141 3071
6142 8482
6143 5099
6144 8242
6145 5728
6146 5866
6147 6963
6148 3124
6149 1590
6150 1110
6151 575
6152 1231
6153 1376
6154 6713
6155 5919
6156 6140
6157 1724
6158 8467
6159 7238
6160 7948
6161 990
6162 7064
6163 2656
6164 5129
6165 3382
6166 2121
6167 7650
6168 6591
6169 5319
6170 3005
6171 1201
6172 4267
6173 6410
6174 7113
6175 8128
6176 8184
6177 5627
6178 2827
6179 5001
6180 7666
6181 2871
6182 3489
6183 2004
6184 4130
6185 679
6186 8018
6187 2357
6188 6837
6189 1177
6190 3613
6191 2737
6192 6012
6193 2384
6194 3287
6195 3388
6196 2003
6197 5705
6198 7112
6199 8332
6200 8073
6201 1208
6202 134
6203 4221
6204 7949
6205 4941
6206 6356
6207 77
6208 742
6209 6816
6210 1679
6211 5886
6212 730
6213 13
6214 5558
6215 7213
6216 6935
6217 3117
6218 7085
6219 671
6220 8411
6221 333
6222 5939
6223 5593
6224 1612
6225 7315
6226 3740
6227 1324
6228 6458
6229 39
6230 5108
6231 5983
6232 7462
6233 2493
6234 467
6235 8288
6236 1927
6237 3248
6238 1576
6239 7560
6240 2759
6241 5946
6242 6027
6243 8393
6244 2137
6245 4950
6246 923
6247 3704
6248 8434
6249 7360
6250 4498
6251 6792
6252 1284
6253 4998
6254 4092
6255 596
6256 555
6257 3441
6258 4912
6259 3804
6260 2148
6261 4938
6262 7214
6263 4075
6264 2373
6265 7754
6266 894
6267 3758
6268 249
6269 3538
6270 3805
6271 6331
6272 8287
6273 4665
6274 7556
6275 6039
6276 5043
6277 4461
6278 8367
6279 2040
6280 8286
6281 2252
6282 5445
6283 4948
6284 6087
6285 4087
6286 5470
6287 1037
6288 2987
6289 5788
6290 3003
6291 4450
6292 6007
6293 1005
6294 3077
6295 705
6296 4344
6297 1803
6298 1031
6299 4782
6300 356
6301 7765
6302 5921
6303 6966
6304 7724
6305 3576
6306 2445
6307 3490
6308 220
6309 314
6310 7867
6311 530
6312 6103
6313 717
6314 5240
6315 3144
6316 7707
6317 4579
6318 1067
6319 818
6320 1019
6322 2528
6323 1437
6324 3428
6325 488
6326 909
6327 3434
6328 6999
6329 3514
6330 432
6331 2486
6332 3358
6333 5173
6334 4700
6335 8117
6336 8179
6337 3562
6338 2352
6339 7277
6340 3043
6341 5289
6342 6643
6343 8109
6344 2715
6345 6593
6346 1796
6347 4516
6348 4280
6349 4550
6350 7784
6351 4418
6352 7758
6353 5986
6354 5617
6355 8119
6356 2598
6357 3570
6358 7313
6359 5136
6360 3380
6361 1592
6362 2971
6363 2894
6364 4104
6365 1049
6366 3853
6367 5880
6368 1358
6369 2390
6370 1942
6371 1102
6372 8368
6373 853
6374 6202
6375 5455
6376 5507
6377 576
6378 3047
6379 6589
6380 1010
6381 6391
6382 1910
6383 7371
6384 2285
6385 2564
6386 5895
6387 7877
6388 5677
6389 6151
6390 5462
6391 3440
6392 7848
6393 2345
6394 7155
6395 1329
6396 143
6397 7256
6398 2751
6399 5065
6400 7471
6401 8526
6402 3696
6403 3181
6404 5751
6405 526
6406 1472
6407 780
6408 7582
6409 7534
6410 5978
6411 3475
6412 8059
6413 464
6414 1273
6415 35
6416 7990
6417 5892
6418 6914
6419 7052
6420 5935
6421 7609
6422 847
6423 3581
6424 4517
6425 8382
6426 5012
6427 4090
6428 175
6429 4108
6430 1560
6431 6233
6432 8473
6433 5375
6434 2815
6435 4258
6436 2914
6437 6780
6438 8316
6439 6343
6440 7649
6441 5624
6442 5146
6443 3120
6444 3835
6445 5905
6446 7053
6447 3860
6448 6038
6449 2533
6450 6298
6451 5812
6452 6272
6453 5685
6454 189
6455 5186
6456 6854
6457 2671
6458 2965
6459 6084
6460 5833
6461 195
6462 7680
6463 4039
6464 3075
6465 1614
6466 4167
6467 7258
6468 3972
6469 1979
6470 7678
6471 7340
6472 1168
6473 1553
6474 7768
6475 6575
6476 4685
6477 4883
6478 2199
6479 6482
6480 388
6481 1267
6482 7502
6483 6125
6484 5369
6485 1704
6486 3670
6487 6108
6488 3820
6489 7234
6490 4533
6491 5740
6492 3843
6493 5578
6494 3231
6495 2836
6496 3652
6497 4354
6498 6462
6499 1351
6500 4519
6501 3076
6502 2515
6503 2435
6504 1484
6505 8096
6506 5476
6507 6227
6508 7621
6509 6321
6511 1457
6512 5791
6513 8561
6514 5890
6515 3813
6516 3669
6517 8274
6518 898
6519 4066
6520 2239
6521 961
6522 2518
6523 7130
6524 1507
6525 2010
6527 6692
6528 7451
6529 6296
6530 4972
6531 7115
6532 3694
6533 4994
6534 8182
6535 6018
6536 2012
6537 2700
6538 7147
6539 1343
6540 4945
6541 1522
6542 3745
6543 7757
6544 2857
6545 5172
6546 5002
6547 8254
6548 1278
6549 1241
6550 4476
6551 8577
6552 1444
6553 7743
6554 601
6555 2808
6556 8369
6557 2898
6558 6568
6559 3467
6560 751
6561 211
6562 4096
6563 3408
6564 6239
6565 262
6566 776
6567 5502
6568 7415
6569 6249
6570 6461
6571 8093
6572 8061
6573 5150
6574 1718
6575 5025
6576 4600
6577 5475
6578 66
6579 4788
6580 7292
6581 4875
6582 7728
6583 619
6584 6666
6585 1307
6586 6737
6587 2190
6588 7204
6589 1353
6590 2842
6591 7301
6592 5187
6593 2014
6594 6450
6595 3748
6596 3255
6597 307
6598 3337
6599 565
6600 4965
6601 6252
6602 1870
6603 4110
6604 1702
6605 4874
6606 2696
6607 7430
6608 4129
6609 2342
6610 6131
6611 6337
6612 8450
6613 6741
6614 699
6615 3904
6616 2579
6617 4681
6618 3713
6619 1384
6620 1556
6621 595
6622 7639
6623 4802
6624 7045
6625 7387
6626 2920
6627 6003
6628 3132
6629 2789
6630 4863
6631 5223
6632 6846
6633 7123
6634 4245
6635 1676
6636 5121
6637 6159
6638 4905
6639 1369
6640 93
6641 5614
6642 7236
6643 5990
6644 4420
6645 359
6646 2367
6647 3153
6648 164
6649 8295
6650 1923
6651 4695
6652 2838
6653 5494
6654 18
6655 8507
6656 7746
6657 2820
6658 1381
6659 4396
6660 4851
6661 2242
6662 2457
6663 2886
6664 2684
6665 5076
6666 6518
6667 7543
6668 7173
6669 4609
6670 7862
6671 1932
6672 7481
6673 8385
6674 1390
6675 5106
6676 6109
6677 1040
6678 2214
6679 7121
6680 6802
6681 5628
6682 8483
6683 3612
6684 3097
6685 174
6686 3565
6687 364
6688 6206
6689 929
6690 51
6691 2363
6692 5879
6693 1571
6694 4290
6695 921
6696 1206
6697 781
6698 7573
6699 4414
6700 3397
6701 2591
6702 6563
6703 1311
6704 1068
6705 1858
6706 341
6707 5138
6708 8481
6709 5179
6710 1230
6711 4373
6712 521
6713 6229
6714 1318
6715 2237
6716 5590
6717 722
6718 2868
6719 297
6720 7273
6721 4574
6722 7520
6723 5499
6724 3118
6725 2664
6726 3895
6727 5732
6728 6673
6729 4038
6730 4353
6731 6546
6732 3791
6733 1081
6734 6813
6735 1435
6736 355
6737 1974
6738 1955
6739 3919
6740 2763
6741 6916
6742 5117
6743 7783
6744 1423
6745 3039
6746 6279
6747 2405
6748 5645
6749 3792
6750 5816
6751 1861
6752 6829
6753 4301
6754 4985
6755 3601
6756 4908
6757 4188
6758 4212
6759 7769
6760 6570
6761 1818
6762 3582
6763 3404
6764 2908
6765 7132
6766 5090
6767 2673
6768 6050
6769 48
6770 972
6771 7569
6772 5567
6773 1075
6774 6804
6775 5553
6776 8051
6777 662
6778 1673
6779 7169
6780 1835
6781 8058
6782 928
6783 6612
6784 4466
6785 1419
6786 1205
6787 1275
6788 2687
6789 7456
6790 1754
6791 8193
6792 3214
6793 1150
6794 1450
6795 3262
6797 2451
6798 7719
6799 3607
6800 8492
6801 5486
6802 7441
6803 3051
6804 2829
6805 8399
6806 8363
6807 226
6808 6454
6809 6927
6810 3274
6811 3533
6812 3060
6813 891
6814 6919
6815 1992
6816 3929
6817 3549
6818 3519
6819 191
6820 5078
6821 5703
6822 7271
6823 5903
6825 5202
6826 6861
6827 250
6828 7734
6829 2566
6830 6479
6831 72
6832 7241
6833 7454
6834 5259
6835 2278
6836 2418
6837 8011
6838 4585
6839 6220
6840 3864
6841 6833
6842 6335
6843 3902
6844 4507
6845 4520
6846 8457
6847 1501
6848 8511
6849 1299
6850 8376
6851 6982
6852 4655
6853 1195
6854 5188
6855 422
6856 2037
6857 6650
6858 2412
6859 4835
6860 459
6861 2928
6862 84
6863 4815
6864 3943
6865 3021
6866 6440
6867 2835
6868 2293
6869 2534
6870 641
6871 8509
6872 7395
6873 7504
6874 3400
6875 2245
6876 5618
6877 4205
6878 7536
6879 942
6880 7645
6881 5594
6882 3967
6883 2514
6884 7713
6885 3662
6886 490
6887 3073
6888 472
6889 8542
6890 6824
6891 4830
6892 666
6893 6065
6894 4141
6895 3750
6896 740
6897 3336
6898 5334
6899 5851
6900 5237
6901 545
6902 4627
6903 8148
6904 1888
6905 2140
6906 2309
6907 2315
6908 6430
6909 689
6910 3734
6911 5114
6912 3469
6913 7296
6914 8377
6915 7739
6916 889
6917 2730
6918 4714
6919 3639
6920 6734
6921 2714
6922 2029
6923 5305
6924 6826
6925 4004
6926 3324
6927 3476
6928 6940
6929 6507
6930 4340
6931 8462
6932 6812
6933 6672
6934 3905
6935 82
6936 7369
6937 6984
6938 2600
6939 5765
6940 1449
6941 317
6942 5963
6943 7924
6944 7685
6945 5443
6946 3897
6947 648
6948 2860
6949 2393
6950 6115
6951 475
6952 4192
6953 5509
6954 2407
6955 2837
6956 8213
6957 7598
6958 7751
6959 5859
6960 2674
6961 1051
6962 5386
6963 1149
6964 3355
6965 3536
6966 7199
6967 1300
6968 5473
6969 5647
6970 1374
6971 16
6972 5779
6973 3229
6974 3663
6975 2876
6976 2721
6977 153
6978 4529
6979 5325
6980 1214
6981 6635
6982 3178
6983 8408
6984 2654
6985 6917
6986 5701
6987 2333
6988 6995
6989 4603
6990 6947
6991 7145
6992 5555
6993 228
6994 6453
6995 8366
6996 7943
6997 3781
6998 2907
6999 2207
7000 4186
7001 599
7002 2468
7003 4868
7004 5781
7005 7845
7006 1500
7007 2222
7008 8565
7009 2778
7010 3511
7011 4011
7012 2017
7013 8161
7014 1191
7015 6346
7016 5413
7017 5437
7018 1141
7019 5697
7020 6549
7021 3938
7022 4198
7023 1403
7024 2134
7025 1666
7026 4846
7027 1421
7028 7726
7029 5336
7030 3579
7031 4587
7032 2186
7033 6341
7034 6942
7035 241
7036 4232
7037 4982
7038 4735
7039 738
7040 3604
7041 4811
7042 773
7043 2856
7044 7486
7045 3505
7046 8422
7047 7931
7048 7016
7049 2624
7050 53
7051 4471
7052 86
7053 7249
7054 8165
7055 7837
7056 3614
7057 2136
7058 8005
7059 2647
7060 1519
7061 1162
7062 3357
7063 4040
7064 785
7065 8110
7066 5802
7067 2969
7068 7046
7069 6105
7070 1900
7071 3998
7072 4524
7073 2880
7074 4848
7075 577
7076 1995
7077 1822
7078 1836
7079 7473
7080 2667
7081 8320
7082 2194
7083 6799
7084 4111
7085 3114
7086 2891
7087 7076
7088 5491
7089 218
7090 4237
7091 8020
7092 8007
7093 2798
7094 5068
7095 1402
7096 5515
7097 227
7098 8115
7099 5769
7100 7073
7101 6618
7102 6498
7103 8083
7104 6878
7105 6388
7106 5695
7107 8426
7108 674
7109 7222
7110 3295
7111 8335
7112 7027
7113 8433
7114 1831
7115 2159
7116 6408
7117 729
7118 7917
7119 6818
7120 1045
7121 2933
7122 5574
7123 6899
7124 470
7125 6740
7126 3079
7127 6827
7128 5519
7129 3952
7130 242
7131 8383
7132 1969
7133 4303
7134 8300
7135 3918
7136 3839
7137 5706
7138 1940
7139 4183
7140 6524
7141 168
7142 5034
7143 4262
7144 6904
7145 3899
7146 6965
7147 4240
7148 2122
7149 3862
7150 2119
7151 7518
7152 1186
7153 2104
7154 1570
7155 7181
7156 6945
7157 2642
7158 1085
7159 2900
7160 6032
7161 4651
7162 4922
7163 1488
7164 2562
7165 8478
7166 7572
7167 720
7168 598
7169 6071
7170 7596
7171 5248
7172 7664
7173 5107
7174 4958
7175 7468
7176 7979
7177 7871
7178 7856
7179 7334
7180 3157
7181 8227
7182 1422
7183 2883
7184 4034
7185 6543
7186 5269
7187 2353
7188 6016
7189 1097
7190 3203
7191 1251
7192 3845
7193 5060
7194 3017
7195 6600
7196 5045
7197 3520
7198 4732
7199 843
7200 7701
7201 5734
7202 448
7203 2996
7204 2500
7205 856
7206 3731
7207 4010
7208 4770
7209 7921
7210 1153
7211 867
7212 3939
7213 7383
7214 5166
7215 170
7216 4930
7217 5221
7218 7622
7219 6306
7220 1087
7221 6188
7222 1741
7223 4975
7224 3577
7225 1255
7226 7162
7227 1685
7228 8023
7229 1050
7230 3621
7231 4622
7232 5579
7233 8460
7234 4820
7235 5281
7236 3841
7237 2443
7238 8259
7239 3370
7240 5118
7241 864
7242 6275
7243 194
7244 7353
7245 8338
7246 3435
7247 1320
7248 7376
7249 1939
7250 2304
7251 338
7252 4000
7253 876
7254 2184
7255 8234
7256 2291
7257 5096
7258 6870
7259 486
7260 6715
7261 2977
7262 162
7263 1926
7264 7122
7265 1694
7266 6845
7267 5465
7268 3729
7269 6163
7270 7410
7271 2206
7272 5242
7273 7527
7274 337
7275 6426
7276 7733
7277 4281
7278 6640
7279 4158
7280 2551
7281 4616
7282 3567
7283 3544
7284 8306
7285 933
7286 6418
7287 8293
7288 5324
7289 6300
7290 4699
7291 6244
7292 5954
7293 2884
7294 8062
7295 638
7296 6301
7297 5842
7298 7232
7299 8493
7300 8445
7301 1951
7302 8185
7303 5920
7304 7011
7305 6577
7306 7706
7307 6466
7308 2279
7309 3754
7310 2747
7311 4796
7312 3573
7313 7487
7314 5693
7315 7291
7316 3697
7317 6254
7318 2560
7319 7790
7320 2813
7321 1998
7322 3584
7323 6898
7324 1098
7325 5344
7326 1227
7327 3767
7328 2431
7329 511
7330 5752
7331 419
7332 2736
7333 597
7334 381
7335 1989
7336 3788
7337 5135
7338 460
7339 2094
7340 2164
7341 6269
7342 4202
7343 3351
7344 6234
7345 3013
7346 8302
7347 6066
7348 1071
7349 7444
7350 2843
7351 8037
7352 5423
7353 4218
7354 4256
7355 1800
7356 2462
7357 1825
7358 495
7359 489
7360 6121
7361 6595
7362 6029
7363 1731
7364 7846
7365 4376
7366 6400
7367 4819
7368 2188
7369 5132
7370 1558
7371 6241
7373 7191
7374 2666
7375 3964
7376 3226
7377 7503
7378 4719
7379 2939
7380 3966
7381 3356
7382 375
7383 6571
7384 4832
7385 4428
7386 8201
7387 7651
7388 5245
7389 2581
7390 4207
7391 3557
7392 348
7393 1337
7394 5852
7395 3611
7396 7748
7397 646
7398 3777
7400 5277
7401 6094
7402 7580
7403 1817
7404 5667
7405 2429
7406 2116
7407 4853
7408 5489
7409 1686
7410 7082
7411 7217
7412 5694
7413 1111
7414 673
7415 5508
7416 4980
7417 7201
7418 2171
7419 6371
7420 8458
7421 1338
7422 6447
7423 5479
7424 3984
7425 4633
7426 880
7427 1946
7428 245
7429 4809
7430 6432
7431 6373
7432 1970
7433 4176
7434 870
7435 3824
7436 6868
7437 6427
7438 6311
7439 621
7440 5157
7441 7806
7442 8562
7443 777
7444 8054
7445 873
7446 269
7447 4445
7448 54
7449 8372
7450 4795
7451 1252
7452 1056
7453 3913
7454 3500
7455 6237
7456 6138
7457 625
7458 2741
7459 7513
7460 7346
7461 7762
7462 5828
7463 4152
7464 6245
7465 3398
7466 2320
7467 136
7468 6285
7469 4286
7470 5301
7471 4394
7472 3880
7473 5383
7474 8528
7475 7683
7476 5580
7477 3112
7478 7951
7479 2703
7480 1582
7481 1720
7482 716
7483 5161
7484 7375
7485 4934
7486 4558
7487 1871
7488 546
7489 6698
7490 3806
7491 7941
7492 2784
7493 4877
7494 2573
7495 5655
7496 2229
7497 7175
7498 1725
7499 6143
7500 2074
7501 1440
7502 7422
7503 4539
7504 6122
7505 5550
7506 7040
7507 8341
7508 529
7509 5940
7510 8324
7511 3087
7512 3006
7513 6284
7514 3234
7515 4536
7516 8550
7517 8173
7518 4277
7519 4250
7520 637
7521 1090
7522 4996
7523 5547
7524 1322
7525 8470
7526 6009
7527 6455
7528 4957
7529 1289
7530 4870
7531 1474
7532 4071
7533 4709
7534 629
7535 6941
7536 7831
7537 7923
7538 3260
7539 3081
7540 8409
7541 5923
7542 8544
7543 925
7544 3542
7545 8439
7546 362
7547 6926
7548 974
7549 3065
7550 5212
7551 4892
7552 948
7553 2071
7554 2364
7555 3105
7556 4801
7557 5832
7558 1857
7559 814
7560 6232
7561 7613
7562 7835
7563 3941
7564 1966
7565 5915
7566 3271
7567 6987
7568 8256
7569 3141
7570 684
7571 1664
7572 3113
7573 587
7574 3708
7575 501
7576 7989
7577 5122
7578 5870
7579 3023
7580 5755
7581 4165
7582 7110
7583 2855
7584 2085
7585 5069
7586 1496
7587 7755
7588 2009
7589 2341
7590 2475
7591 3173
7592 2679
7593 5827
7594 6613
7595 7847
7596 7039
7597 353
7598 4003
7599 3145
7600 1532
7601 7973
7602 465
7603 6144
7604 466
7605 4646
7606 8386
7607 1442
7608 6538
7609 493
7610 7281
7611 7612
7612 2323
7613 5913
7614 1118
7615 2205
7616 7714
7617 750
7618 4617
7619 3728
7620 3693
7621 8253
7622 3498
7623 1279
7624 6129
7625 2083
7626 2471
7627 510
7628 3889
7629 4241
7630 539
7631 8046
7632 7632
7633 4291
7634 2940
7635 5841
7636 8296
7637 6477
7638 1833
7639 7355
7640 5596
7641 254
7642 5154
7643 7780
7644 4399
7645 5010
7646 3924
7647 4632
7648 507
7649 7558
7650 7744
7651 5203
7652 1747
7653 2155
7654 7205
7655 6743
7656 3706
7657 544
7658 3838
7659 7774
7660 3700
7661 7698
7662 6798
7663 4367
7664 6623
7665 6095
7666 6376
7667 5707
7668 266
7669 1908
7670 1073
7671 4213
7672 4634
7673 1216
7674 2338
7675 7414
7676 2053
7677 3949
7678 7782
7679 3867
7680 1525
7681 3425
7682 5638
7683 2669
7684 6473
7685 4465
7686 6789
7687 8029
7688 3859
7689 3741
7690 2740
7691 4143
7692 2113
7693 7370
7694 1575
7695 7863
7696 6179
7697 1853
7698 6516
7699 4581
7700 788
7701 8505
7702 4731
7703 7522
7704 6396
7705 7143
7706 5026
7707 7526
7708 6723
7709 5360
7710 3619
7711 3980
7712 5815
7713 8304
7714 8056
7715 6850
7716 3375
7717 1250
7718 6139
7719 6433
7720 3900
7721 8082
7722 6662
7723 3848
7724 7100
7725 1058
7726 2574
7727 223
7728 7601
7729 5019
7730 2926
7731 7445
7732 1125
7733 8425
7734 842
7735 3726
7736 3963
7737 2791
7738 5013
7739 4921
7740 3429
7741 2441
7742 759
7743 7332
7744 3946
7745 177
7746 4481
7747 7659
7748 6496
7749 302
7751 7803
7752 3270
7753 389
7754 5238
7755 3821
7756 514
7757 3865
7758 6082
7759 1809
7760 5040
7761 8504
7762 3915
7763 5856
7764 971
7765 4754
7766 6712
7767 7358
7768 4474
7769 6413
7770 4911
7771 6953
7772 4363
7773 7829
7774 7119
7775 633
7776 1314
7777 3224
7778 7294
7779 1699
7780 4837
7781 1349
7782 7159
7783 5466
7784 6046
7785 693
7786 8209
7787 4663
7788 6793
7789 2476
7790 957
7791 8297
7792 1909
7793 3527
7794 4387
7795 706
7796 7819
7797 547
7798 3198
7799 5772
7800 8225
7801 1456
7802 5029
7803 3185
7804 8019
7805 2934
7806 5635
7807 4089
7808 2112
7809 3204
7810 479
7811 6732
7812 4190
7813 1425
7814 1222
7815 286
7816 5763
7817 5764
7818 2718
7819 819
7820 5351
7821 8283
7822 6098
7823 2925
7824 6415
7825 3123
7826 386
7827 698
7828 28
7829 7062
7830 2224
7831 313
7832 886
7833 2772
7834 1339
7835 7405
7836 6316
7837 1840
7838 509
7839 3278
7840 5906
7841 6683
7842 5608
7843 8261
7844 954
7845 8471
7846 6508
7847 8137
7848 4739
7849 6502
7850 6437
7851 7047
7852 7992
7853 836
7854 1531
7855 6937
7856 457
7857 5520
7858 6378
7859 8142
7860 996
7861 2825
7862 6548
7863 8255
7864 1242
7865 2361
7866 412
7867 7067
7868 7900
7869 3265
7870 330
7871 6558
7872 5111
7873 4619
7874 6310
7875 6697
7876 8166
7877 2213
7878 5730
7879 1750
7880 7841
7881 2354
7882 4069
7883 654
7884 2755
7885 2404
7886 854
7887 3436
7888 3242
7889 4361
7890 2662
7891 268
7892 993
7893 614
7894 5286
7895 6295
7896 7404
7897 1415
7898 1406
7899 1112
7900 2966
7901 8357
7902 7836
7903 3070
7904 4330
7905 810
7906 7290
7907 3064
7908 5675
7909 217
7910 6584
7911 6671
7912 7311
7913 25
7914 4483
7915 5961
7916 8463
7917 4549
7918 58
7919 797
7920 3333
7921 8549
7922 5041
7923 3299
7924 7351
7925 7514
7926 1109
7927 769
7928 2639
7929 5864
7930 1359
7931 5729
7932 3790
7933 1448
7934 6
7935 1779
7936 5487
7937 6167
7938 8171
7939 2830
7940 4001
7941 6512
7942 6950
7943 7892
7944 5485
7945 3827
7946 244
7947 8354
7948 6519
7949 7283
7950 5949
7951 4668
7952 3020
7953 2911
7954 7389
7955 1742
7956 1223
7957 690
7958 4662
7959 3730
7960 3840
7961 7708
7962 5583
7963 5937
7964 7433
7965 6025
7966 42
7967 4857
7968 400
7969 1882
7970 6379
7971 4079
7972 3264
7973 4884
7974 4059
7975 1640
7976 5556
7977 1649
7978 2196
7979 1433
7980 935
7981 5896
7982 1785
7983 3317
7984 1229
7985 3873
7986 551
7987 8461
7988 5538
7989 5715
7990 4025
7991 4392
7992 1357
7993 2208
7994 6340
7995 4121
7996 6674
7997 7131
7998 4276
7999 6208
8000 6725
8001 1365
8002 5434
8003 8571
8004 2859
8005 1645
8006 2919
8007 6542
8008 2921
8009 1189
8010 290
8011 6547
8012 3725
8013 1494
8014 8280
8015 3329
8016 8272
8017 8067
8018 1080
8019 3558
8020 7140
8021 7163
8022 4134
8023 7763
8024 4960
8025 4856
8026 1466
8027 8431
8028 7077
8029 5784
8030 4542
8031 2557
8032 125
8033 2007
8034 2389
8035 2548
8036 3638
8037 3521
8038 2332
8039 6744
8040 4410
8041 6357
8042 3896
8043 1511
8044 3470
8045 2142
8046 5189
8047 7108
8048 323
8049 6933
8050 7876
8051 1490
8052 1950
8053 8521
8054 4422
8055 2695
8056 2710
8057 1777
8058 4810
8059 4380
8060 655
8061 3139
8062 920
8063 1962
8064 7114
8065 6920
8066 8400
8067 2646
8068 6259
8069 5658
8070 3550
8071 4729
8072 6582
8073 4042
8074 184
8075 1892
8076 967
8077 3010
8078 7499
8079 5448
8080 4804
8081 724
8082 6531
8083 8040
8084 1753
8085 2020
8086 49
8087 1622
8088 6147
8089 7482
8090 3195
8091 6120
8092 2479
8093 2950
8094 1934
8095 4157
8096 3968
8097 2550
8098 2552
8099 4862
8100 4246
8101 6500
8102 101
8103 3685
8104 2938
8105 7478
8106 3979
8107 5333
8108 222
8109 4552
8110 60
8111 3637
8112 150
8113 2191
8114 6271
8115 1541
8116 7246
8117 6709
8118 7908
8119 7287
8120 2325
8121 5750
8122 7974
8123 3130
8124 3937
8125 4698
8126 4094
8127 7628
8128 8303
8129 4423
8130 7087
8131 5733
8132 5972
8133 6517
8134 2795
8135 3147
8136 5367
8137 4900
8138 2271
8139 7889
8140 6368
8141 1246
8142 8479
8143 2850
8144 26
8145 5130
8146 4215
8147 653
8148 1933
8149 206
8150 2158
8151 1930
8152 4925
8153 4675
8154 8455
8155 3465
8156 8091
8157 6564
8158 1443
8159 1623
8160 6119
8161 5721
8162 2460
8163 3822
8165 5948
8166 1918
8167 3011
8168 7715
8169 7272
8170 6665
8171 8514
8172 4563
8173 30
8174 4648
8175 8444
8176 2310
8177 7018
8178 1821
8179 7071
8180 6384
8181 7219
8182 8136
8183 1499
8184 5387
8185 5690
8186 2681
8187 3945
8188 88
8189 1328
8190 1165
8191 7183
8192 5527
8193 5296
8194 7895
8195 1961
8196 7261
8197 3640
8198 6907
8199 7968
8200 7231
8201 6773
8202 4002
8203 4453
8204 528
8205 1247
8206 4170
8207 1670
8208 7416
8209 6761
8210 8402
8211 2698
8212 1226
8213 6505
8214 3122
8215 7399
8216 8002
8217 6626
8218 7888
8219 7406
8220 6943
8221 7922
8222 1965
8223 2308
8224 7307
8225 686
8226 3099
8227 6557
8228 8370
8229 4408
8230 7079
8231 5598
8232 6358
8233 4214
8234 5361
8235 2450
8236 1629
8237 6680
8238 6495
8239 316
8240 5632
8241 5451
8242 2991
8243 7920
8244 3306
8245 4383
8246 2105
8247 6336
8248 8362
8249 5889
8250 6405
8251 1505
8252 1027
8253 2469
8254 6460
8255 3403
8256 5822
8257 6960
8258 1486
8259 7372
8260 8310
8261 8243
8262 7037
8263 1215
8264 1914
8265 2106
8266 2109
8267 3747
8268 4554
8269 219
8270 4567
8271 799
8272 4389
8273 2875
8274 1459
8275 8291
8276 2001
8277 786
8278 5054
8279 7952
8280 369
8281 970
8282 615
8283 4416
8284 6326
8285 2380
8286 8174
8287 1561
8288 403
8289 5682
8290 2300
8291 6952
8292 5322
8293 5720
8294 5063
8295 6915
8296 6991
8297 6401
8298 67
8299 8135
8300 3548
8301 2787
8302 4677
8303 6629
8304 2648
8305 6528
8306 8126
8307 1860
8308 8290
8309 4400
8310 4559
8311 272
8312 5615
8313 7965
8314 1491
8315 1615
8316 1480
8317 5848
8318 7971
8319 701
8320 4251
8321 3424
8322 6444
8323 4308
8324 1096
8325 278
8326 910
8327 5643
8328 4680
8329 7515
8330 3503
8331 988
8332 7419
8333 4961
8334 2232
8335 2422
8336 7594
8337 6879
8338 1728
8339 6352
8340 2866
8341 4046
8342 1407
8344 7825
8345 746
8346 4926
8347 560
8348 5742
8349 3237
8350 3540
8351 5744
8352 1810
8353 3269
8354 2513
8355 8081
8356 7088
8357 5363
8358 5668
8359 807
8360 2399
8361 296
8362 2021
8363 3350
8364 57
8365 2329
8366 5087
8367 2738
8368 1659
8369 6928
8370 6939
8371 4236
8372 7461
8373 2277
8374 744
8375 707
8376 6192
8377 2135
8378 2954
8379 505
8380 1730
8381 5607
8382 1128
8383 7094
8384 4635
8385 1568
8386 4182
8387 7640
8388 7509
8389 229
8390 7314
8391 5079
8392 3525
8393 187
8394 5987
8395 1901
8396 580
8397 2941
8398 8189
8399 8348
8400 5059
8401 3610
8402 6934
8403 399
8404 2947
8405 5105
8406 7489
8407 1
8408 3127
8409 4168
8410 5670
8411 7766
8412 963
8413 81
8414 7956
8415 480
8416 3715
8417 573
8418 173
8419 4896
8420 2286
8421 7619
8422 823
8423 207
8424 2434
8425 3258
8426 1771
8427 5809
8428 5125
8429 8315
8430 4817
8431 4703
8432 1167
8433 7223
8434 4268
8435 6225
8436 7861
8437 4670
8438 4377
8439 7548
8440 4177
8441 5199
8442 609
8443 5077
8444 4598
8445 7413
8446 7523
8447 3809
8448 4125
8449 3886
8450 7808
8451 4357
8452 3679
8453 8466
8454 837
8455 4199
8456 1104
8457 192
8458 5194
8459 949
8460 1297
8461 8405
8462 811
8463 7312
8464 4103
8465 7235
8466 365
8467 3595
8468 2959
8469 1319
8470 1114
8471 4348
8472 5649
8473 4916
8474 6061
8475 584
8476 7420
8477 6992
8478 7265
8479 6134
8480 1984
8481 4764
8482 8532
8483 5490
8484 7587
8485 8277
8486 7282
8487 7771
8488 4776
8489 7059
8490 642
8491 8157
8492 8017
8493 7247
8494 2955
8495 197
8496 7711
8497 6753
8498 7717
8499 4580
8500 4362
8501 4672
8502 1469
8503 5714
8504 834
8505 2924
8506 3086
8507 6170
8508 8215
8509 4005
8510 7896
8511 5311
8512 696
8513 816
8514 2276
8515 7195
8516 2169
8517 398
8518 1340
8519 3166
8520 8145
8521 4019
8522 7626
8523 5031
8524 2257
8525 3518
8526 903
8527 2583
8528 3811
8529 8536
8530 2743
8531 8095
8532 2368
8533 1387
8534 3074
8535 1848
8536 1198
8537 5790
8538 588
8539 6199
8540 363
8541 2402
8542 2951
8543 1677
8544 1893
8545 2145
8546 8305
8547 3109
8548 3427
8549 6536
8550 3008
8551 7911
8552 6654
8553 1713
8554 1986
8555 2115
8556 2885
8557 6210
8558 4388
8559 3036
8560 2230
8561 3852
8562 6905
8563 385
8564 2767
8565 7483
8566 6901
8567 752
8568 960
8569 3249
8570 3701
8571 5435
8572 5100
8573 6382
8574 3363
8575 2716
8577 5926
